0.615
0, 4, 1467811592
4, 0, 1467823046
4, 0, 1467841985
4, 0, 1467844496
4, 0, 1467971937
4, 0, 1468022154
4, 0, 1468115583
4, 0, 1468147480
4, 0, 1468194474
4, 0, 1468222458
4, 0, 1468294189
0, 4, 1468305298
4, 0, 1468323352
4, 0, 1468350990
4, 0, 1468353283
4, 0, 1468363696
4, 0, 1468407171
4, 0, 1468556115
4, 0, 1468600795
4, 0, 1468653891
4, 0, 1468771452
4, 0, 1468788316
4, 0, 1468835040
4, 0, 1468851257
0, 4, 1468853362
4, 0, 1468869955
4, 0, 1468884106
4, 0, 1468956216
4, 0, 1469070756
4, 0, 1469174690
4, 0, 1469175624
4, 0, 1469221880
0, 4, 1469315904
0, 4, 1469332239
4, 0, 1469367959
4, 0, 1469369598
4, 0, 1469504022
4, 0, 1469556886
4, 0, 1469586840
4, 0, 1469588368
4, 0, 1469702598
4, 0, 1469729377
4, 0, 1469814230
4, 0, 1470068706
4, 0, 1470068878
4, 0, 1470184592
4, 0, 1548318058
4, 0, 1548318089
4, 0, 1548318718
0, 4, 1548495887
4, 0, 1548497412
4, 0, 1548499336
4, 0, 1548644566
4, 0, 1548700297
4, 0, 1548752185
0, 4, 1548775825
4, 0, 1548812521
0, 4, 1548853933
4, 0, 1548913969
0, 4, 1550762111
0, 4, 1550842657
4, 0, 1550847626
4, 0, 1550847854
0, 4, 1550934083
4, 0, 1550967980
4, 0, 1551025320
0, 4, 1551049117
4, 0, 1551242276
4, 0, 1551270892
4, 0, 1551271087
0, 4, 1551298222
4, 0, 1551303814
4, 0, 1551427323
4, 0, 1551492312
4, 0, 1551523241
4, 0, 1551683036
4, 0, 1551714135
4, 0, 1551745647
4, 0, 1551747064
4, 0, 1552035688
4, 0, 1553240921
0, 4, 1553301492
4, 0, 1553333885
4, 0, 1553368716
4, 0, 1553462868
4, 0, 1553491388
4, 0, 1553584021
4, 0, 1553584195
4, 0, 1553773447
0, 4, 1553823403
4, 0, 1553926283
4, 0, 1553955966
4, 0, 1554016844
0, 4, 1554077213
4, 0, 1554166882
4, 0, 1554525444
4, 0, 1555729487
0, 4, 1555732276
4, 0, 1555759472
0, 4, 1555931000
0, 4, 1555948184
4, 0, 1555984963
4, 0, 1556065268
4, 0, 1556314428
4, 0, 1556360851
4, 0, 1556360898
4, 0, 1556361985
4, 0, 1556490351
0, 4, 1556499434
4, 0, 1556510200
4, 0, 1556531101
4, 0, 1556552091
4, 0, 1556571579
4, 0, 1556607315
0, 4, 1556701241
4, 0, 1556723578
0, 4, 1556794166
4, 0, 1556795454
4, 0, 1556796459
4, 0, 1556811409
4, 0, 1556812745
4, 0, 1556812911
4, 0, 1556859702
4, 0, 1556940346
4, 0, 1556986559
4, 0, 1557018083
4, 0, 1557076284
0, 4, 1557089018
4, 0, 1557092896
4, 0, 1557108349
4, 0, 1557190149
0, 4, 1557235928
4, 0, 1557245465
0, 4, 1557328620
4, 0, 1557388067
4, 0, 1557400497
4, 0, 1557495851
4, 0, 1557556783
4, 0, 1557615461
4, 0, 1557616264
4, 0, 1557632526
0, 4, 1557644140
4, 0, 1557679907
4, 0, 1557713531
4, 0, 1557715783
4, 0, 1557782637
4, 0, 1557918866
4, 0, 1557980464
0, 4, 1557994455
4, 0, 1558023873
4, 0, 1558026471
4, 0, 1558072318
4, 0, 1558167236
4, 0, 1558192189
4, 0, 1558213373
4, 0, 1558213818
4, 0, 1558214781
0, 4, 1558254605
4, 0, 1558265511
4, 0, 1558372064
4, 0, 1558479420
4, 0, 1558676679
4, 0, 1558707117
4, 0, 1558733859
4, 0, 1558765395
4, 0, 1558823209
4, 0, 1558885636
4, 0, 1558974051
4, 0, 1559068472
4, 0, 1559069628
4, 0, 1559129556
4, 0, 1559161139
0, 4, 1559218257
4, 0, 1559356958
4, 0, 1559388406
4, 0, 1559388687
4, 0, 1559515018
4, 0, 1559643205
4, 0, 1559677492
4, 0, 1559708910
4, 0, 1559908144
0, 4, 1559940226
4, 0, 1560005525
4, 0, 1563513464
4, 0, 1563558073
4, 0, 1563578431
4, 0, 1563661735
4, 0, 1563718962
4, 0, 1563736537
4, 0, 1563758374
0, 4, 1563766071
4, 0, 1563794344
4, 0, 1563796075
4, 0, 1563796454
0, 4, 1563807026
4, 0, 1563811535
4, 0, 1563812149
4, 0, 1563830597
4, 0, 1563867822
4, 0, 1564008495
0, 4, 1564039466
4, 0, 1564039674
4, 0, 1564055911
0, 4, 1564081779
4, 0, 1564089971
4, 0, 1564121955
0, 4, 1564143581
0, 4, 1564147744
4, 0, 1564202104
4, 0, 1564218035
4, 0, 1564299252
0, 4, 1564299946
4, 0, 1564315193
0, 4, 1564317284
4, 0, 1564317459
4, 0, 1564381575
4, 0, 1564503761
0, 4, 1564505451
0, 4, 1564539484
4, 0, 1564564450
4, 0, 1564585458
0, 4, 1564644828
0, 4, 1564646271
4, 0, 1564666537
4, 0, 1564692110
0, 4, 1564704134
4, 0, 1564733573
4, 0, 1564829112
4, 0, 1564855103
4, 0, 1564855353
4, 0, 1564987841
0, 4, 1565067341
4, 0, 1565294837
4, 0, 1565330750
4, 0, 1565365365
4, 0, 1565467660
4, 0, 1565687097
4, 0, 1565878401
4, 0, 1565996758
4, 0, 1572869529
4, 0, 1572913626
4, 0, 1573069350
4, 0, 1573069356
0, 4, 1573194907
4, 0, 1573252109
4, 0, 1573252988
4, 0, 1573274546
0, 4, 1573299338
4, 0, 1573310055
4, 0, 1573349825
0, 4, 1573359893
4, 0, 1573385524
4, 0, 1573477883
0, 4, 1573485260
4, 0, 1573529860
4, 0, 1573579796
4, 0, 1573597333
4, 0, 1573617648
4, 0, 1573649805
0, 4, 1573664189
4, 0, 1573718285
4, 0, 1573752902
4, 0, 1573874346
0, 4, 1573893452
4, 0, 1573968692
0, 4, 1574005312
4, 0, 1574066553
4, 0, 1574087957
0, 4, 1574106077
4, 0, 1574127753
4, 0, 1675862988
4, 0, 1675863155
4, 0, 1676064946
4, 0, 1676129392
4, 0, 1676131330
4, 0, 1676192208
4, 0, 1676253081
4, 0, 1676253209
4, 0, 1676369117
4, 0, 1676396421
0, 4, 1676424281
4, 0, 1676483353
4, 0, 1676509702
4, 0, 1676641040
4, 0, 1676714110
4, 0, 1676760032
4, 0, 1676761515
4, 0, 1676784475
4, 0, 1676808119
4, 0, 1676827338
0, 4, 1676871909
4, 0, 1676872434
4, 0, 1676891637
0, 4, 1676907664
0, 4, 1676947102
4, 0, 1676954357
4, 0, 1676972538
4, 0, 1676995528
4, 0, 1677055474
4, 0, 1677075162
4, 0, 1677076299
4, 0, 1677093740
0, 4, 1677107805
4, 0, 1677115485
4, 0, 1677133500
0, 4, 1677153567
4, 0, 1677261942
4, 0, 1677330082
4, 0, 1677330296
0, 4, 1677361170
4, 0, 1677379060
4, 0, 1677394757
0, 4, 1677402065
0, 4, 1677422816
4, 0, 1677426682
4, 0, 1677458774
4, 0, 1677504257
4, 0, 1677536277
4, 0, 1677566035
4, 0, 1677579918
4, 0, 1677596084
4, 0, 1677628796
4, 0, 1677642632
4, 0, 1677643925
4, 0, 1677686886
4, 0, 1677720309
4, 0, 1677809658
4, 0, 1677828589
4, 0, 1677893444
4, 0, 1677909760
4, 0, 1677957719
4, 0, 1678052959
4, 0, 1678131591
4, 0, 1678153109
4, 0, 1678216028
4, 0, 1678265141
4, 0, 1678265340
4, 0, 1678336120
0, 4, 1678401215
4, 0, 1678492947
4, 0, 1678692984
0, 4, 1678752734
0, 4, 1678810498
4, 0, 1678817984
4, 0, 1678879503
4, 0, 1678944598
4, 0, 1678944638
4, 0, 1678977497
0, 4, 1679135555
4, 0, 1679210263
4, 0, 1679350283
0, 4, 1679904489
4, 0, 1680742192
4, 0, 1680776689
4, 0, 1680849581
4, 0, 1680884655
4, 0, 1680922409
0, 4, 1681104872
4, 0, 1681138808
4, 0, 1684762584
0, 4, 1684786657
4, 0, 1684819805
4, 0, 1684819899
4, 0, 1684847233
4, 0, 1684847803
4, 0, 1684927674
0, 4, 1684969857
4, 0, 1684981732
4, 0, 1685006271
4, 0, 1685030594
4, 0, 1685030715
4, 0, 1685031414
4, 0, 1685127332
4, 0, 1685127746
4, 0, 1685218362
4, 0, 1685304983
4, 0, 1685536370
4, 0, 1685538264
4, 0, 1685573214
4, 0, 1685608923
4, 0, 1685644439
0, 4, 1685720185
4, 0, 1685727442
4, 0, 1686043770
4, 0, 1686074644
4, 0, 1686138318
4, 0, 1686183338
0, 4, 1686185228
4, 0, 1686216416
4, 0, 1686250334
4, 0, 1686267004
4, 0, 1686303213
4, 0, 1686335262
0, 4, 1686335394
4, 0, 1686336598
4, 0, 1686409887
4, 0, 1686528624
4, 0, 1686638877
0, 4, 1686700182
0, 4, 1686791004
4, 0, 1686801295
4, 0, 1686826510
0, 4, 1686828899
4, 0, 1686877455
0, 4, 1686920875
4, 0, 1686956999
4, 0, 1686957828
0, 4, 1686980690
4, 0, 1687042965
4, 0, 1687125121
4, 0, 1687184398
4, 0, 1687184919
4, 0, 1687216453
4, 0, 1687309499
4, 0, 1687370971
4, 0, 1687402452
4, 0, 1687433996
4, 0, 1687663903
4, 0, 1687766121
4, 0, 1688043632
4, 0, 1688078901
4, 0, 1688114114
4, 0, 1688818625
4, 0, 1688818780
4, 0, 1688895814
0, 4, 1691339702
0, 4, 1691421177
4, 0, 1691821659
4, 0, 1691901682
4, 0, 1692216922
4, 0, 1692256233
4, 0, 1692372566
4, 0, 1692528269
4, 0, 1693087186
4, 0, 1693179406
4, 0, 1693209039
4, 0, 1693582671
4, 0, 1693609326
4, 0, 1693631521
4, 0, 1693653866
4, 0, 1693831043
4, 0, 1693832593
4, 0, 1693934208
4, 0, 1693935242
0, 4, 1693935567
4, 0, 1693975539
4, 0, 1694203788
4, 0, 1694219987
4, 0, 1694240308
4, 0, 1694293402
4, 0, 1694312237
0, 4, 1694392093
4, 0, 1694401066
4, 0, 1694401661
4, 0, 1694455040
4, 0, 1694457763
4, 0, 1694533703
0, 4, 1694546376
4, 0, 1694552445
4, 0, 1694686765
4, 0, 1694727520
4, 0, 1694812972
4, 0, 1694835175
0, 4, 1694873919
4, 0, 1694882523
4, 0, 1694930756
0, 4, 1694952749
4, 0, 1694954454
4, 0, 1694978970
4, 0, 1695083053
4, 0, 1695137257
4, 0, 1695163882
4, 0, 1695249050
4, 0, 1695343047
0, 4, 1695505597
4, 0, 1695582192
4, 0, 1695657091
4, 0, 1695846359
4, 0, 1695884739
4, 0, 1696004171
0, 4, 1696175440
4, 0, 1696215891
4, 0, 1750895141
0, 4, 1750920435
4, 0, 1750930618
4, 0, 1750965106
4, 0, 1751034655
4, 0, 1751068708
0, 4, 1751069281
4, 0, 1751070603
4, 0, 1751324739
4, 0, 1751500571
4, 0, 1751503363
4, 0, 1751537806
0, 4, 1751664664
0, 4, 1751949655
4, 0, 1751953066
4, 0, 1752088198
4, 0, 1752322242
0, 4, 1752412748
0, 4, 1752443716
0, 4, 1752476961
4, 0, 1752590890
0, 4, 1752610713
4, 0, 1752619480
0, 4, 1752697690
0, 4, 1752767220
4, 0, 1752773617
4, 0, 1752874075
4, 0, 1752895729
4, 0, 1752941781
4, 0, 1752964724
4, 0, 1753010225
4, 0, 1753094805
4, 0, 1753155229
4, 0, 1753177055
0, 4, 1753307859
4, 0, 1753309879
4, 0, 1753384040
4, 0, 1753415392
0, 4, 1753431870
0, 4, 1753465024
4, 0, 1753518278
4, 0, 1753631640
0, 4, 1753673141
4, 0, 1753773121
4, 0, 1753869051
4, 0, 1754024315
4, 0, 1754024569
4, 0, 1754179676
0, 4, 1754192209
4, 0, 1754262621
0, 4, 1754318478
4, 0, 1754352024
4, 0, 1754354042
4, 0, 1754378592
4, 0, 1754473317
4, 0, 1754547941
4, 0, 1754549847
4, 0, 1754599378
4, 0, 1754602246
4, 0, 1754708424
4, 0, 1754790896
4, 0, 1754936930
4, 0, 1755059583
0, 4, 1755249365
4, 0, 1755315486
4, 0, 1755378066
4, 0, 1755443052
4, 0, 1755508143
4, 0, 1755708109
4, 0, 1755842151
4, 0, 1759164822
4, 0, 1759310905
0, 4, 1759384052
4, 0, 1759540898
4, 0, 1759653173
4, 0, 1759691231
4, 0, 1759770550
4, 0, 1759773677
4, 0, 1759817127
0, 4, 1759883756
4, 0, 1759933073
4, 0, 1760179839
4, 0, 1760360855
4, 0, 1770548980
4, 0, 1770809502
4, 0, 1770980190
4, 0, 1771003528
4, 0, 1771004434
0, 4, 1771132710
4, 0, 1771210128
0, 4, 1791791919
4, 0, 1791806854
4, 0, 1792115648
4, 0, 1792117812
4, 0, 1792196219
4, 0, 1792325654
4, 0, 1792327149
4, 0, 1792481006
4, 0, 1792667320
4, 0, 1792865652
4, 0, 1792868855
0, 4, 1792887601
4, 0, 1792938068
0, 4, 1793068369
4, 0, 1793119103
4, 0, 1793180190
4, 0, 1793204245
0, 4, 1793224145
4, 0, 1793289893
4, 0, 1793332033
4, 0, 1793372939
4, 0, 1793397206
4, 0, 1793414678
4, 0, 1793437471
4, 0, 1793481936
4, 0, 1793483301
4, 0, 1793505352
4, 0, 1793570761
4, 0, 1793751871
4, 0, 1793776408
4, 0, 1793829089
4, 0, 1793853301
4, 0, 1793854749
0, 4, 1793873036
4, 0, 1793985685
4, 0, 1793987031
4, 0, 1794188164
4, 0, 1794227178
4, 0, 1794268637
4, 0, 1794392021
4, 0, 1794783456
4, 0, 1794783941
4, 0, 1794866418
0, 4, 1794908642
4, 0, 1795134642
4, 0, 1795226582
0, 4, 1795267023
4, 0, 1795269197
4, 0, 1795555552
4, 0, 1795603324
0, 4, 1795691416
0, 4, 1795700542
4, 0, 1795857532
4, 0, 1795959733
4, 0, 1796857377
4, 0, 1796904794
4, 0, 1822323345
0, 4, 1822461923
4, 0, 1822721812
4, 0, 1822723156
4, 0, 1822865898
4, 0, 1823013900
0, 4, 1823040086
4, 0, 1823048241
4, 0, 1823122006
4, 0, 1823352715
4, 0, 1823417257
4, 0, 1823541633
4, 0, 1823597732
4, 0, 1823818049
4, 0, 1823969950
4, 0, 1824133800
4, 0, 1824135348
4, 0, 1824135548
4, 0, 1824135690
0, 4, 1824154824
4, 0, 1824159206
4, 0, 1824182353
4, 0, 1824203706
4, 0, 1824246100
0, 4, 1824261936
0, 4, 1824280719
4, 0, 1824287960
4, 0, 1824348295
0, 4, 1824384763
4, 0, 1824430332
4, 0, 1824544773
4, 0, 1824621390
4, 0, 1824637314
4, 0, 1824674667
4, 0, 1824711502
4, 0, 1824715026
4, 0, 1824730263
0, 4, 1824817368
4, 0, 1824844023
4, 0, 1824898282
4, 0, 1825029242
4, 0, 1825046714
4, 0, 1825067071
0, 4, 1825076730
4, 0, 1825084508
4, 0, 1825200700
4, 0, 1825218926
4, 0, 1825240263
4, 0, 1825241352
4, 0, 1825262631
0, 4, 1825339978
4, 0, 1825414085
4, 0, 1825438104
4, 0, 1825459103
4, 0, 1825485602
4, 0, 1825508585
4, 0, 1825559196
4, 0, 1825607170
4, 0, 1825689609
4, 0, 1825716046
4, 0, 1825768692
4, 0, 1825975607
4, 0, 1826036855
4, 0, 1826278428
0, 4, 1826383416
4, 0, 1826416844
4, 0, 1826451755
0, 4, 1826522063
4, 0, 1826525549
4, 0, 1826561413
0, 4, 1826996660
4, 0, 1827074878
0, 4, 1827097010
4, 0, 1827219343
0, 4, 1827366861
4, 0, 1827367159
4, 0, 1827381443
4, 0, 1827381832
4, 0, 1827396976
4, 0, 1827414458
4, 0, 1827423272
4, 0, 1827428252
4, 0, 1827437673
4, 0, 1827462333
4, 0, 1827469657
4, 0, 1827487171
4, 0, 1827509628
4, 0, 1827541938
4, 0, 1827575139
0, 4, 1827587440
4, 0, 1827648294
0, 4, 1827669456
4, 0, 1827673963
4, 0, 1827699089
4, 0, 1827705794
4, 0, 1827731134
4, 0, 1827739033
4, 0, 1827741268
4, 0, 1827778353
4, 0, 1827804232
4, 0, 1827812330
4, 0, 1827820002
4, 0, 1827846187
4, 0, 1827894541
4, 0, 1827939149
4, 0, 1827961951
4, 0, 1827968565
4, 0, 1827979868
4, 0, 1828004858
0, 4, 1828024584
4, 0, 1828040051
4, 0, 1828076023
4, 0, 1830924783
4, 0, 1831200933
4, 0, 1831297275
4, 0, 1831347423
4, 0, 1832259257
4, 0, 1832351284
0, 4, 1832353507
4, 0, 1832581838
4, 0, 1832598708
4, 0, 1832636113
4, 0, 1832659418
4, 0, 1833011400
4, 0, 1833021794
4, 0, 1833224405
0, 4, 1833234318
4, 0, 1833310414
4, 0, 1833330900
4, 0, 1833377886
4, 0, 1833390952
4, 0, 1833400604
0, 4, 1833427018
4, 0, 1833525699
4, 0, 1833556451
4, 0, 1833565153
0, 4, 1833566597
4, 0, 1833577117
4, 0, 1833587520
0, 4, 1833609162
4, 0, 1833647435
4, 0, 1833687514
0, 4, 1833698636
4, 0, 1833735491
4, 0, 1833736614
4, 0, 1833802719
4, 0, 1833802829
4, 0, 1833813489
4, 0, 1833814026
4, 0, 1833896516
4, 0, 1833911324
4, 0, 1833921839
4, 0, 1833965499
4, 0, 1833986077
4, 0, 1833994033
4, 0, 1834020956
0, 4, 1834111498
4, 0, 1834117076
4, 0, 1834167544
0, 4, 1834182093
4, 0, 1834237732
4, 0, 1834307574
4, 0, 1834313859
4, 0, 1834315632
4, 0, 1834340083
0, 4, 1834340305
0, 4, 1834345205
4, 0, 1834355575
4, 0, 1834364862
4, 0, 1834375554
0, 4, 1834376893
4, 0, 1834394080
4, 0, 1834402106
4, 0, 1834402117
4, 0, 1834428893
4, 0, 1834429196
4, 0, 1834461346
4, 0, 1834465411
4, 0, 1834516908
4, 0, 1834518030
0, 4, 1834553634
0, 4, 1834617869
4, 0, 1834661351
4, 0, 1834663105
4, 0, 1834717137
4, 0, 1834747953
4, 0, 1834759443
4, 0, 1834789458
0, 4, 1834825136
4, 0, 1834830511
0, 4, 1834855219
4, 0, 1834885585
4, 0, 1834897181
4, 0, 1834897699
4, 0, 1834942617
4, 0, 1834952043
4, 0, 1835068781
0, 4, 1835149415
4, 0, 1835232582
4, 0, 1835259239
4, 0, 1835354843
4, 0, 1835425436
0, 4, 1835449837
0, 4, 1835451010
4, 0, 1835471828
4, 0, 1835501911
4, 0, 1835548598
4, 0, 1835655907
4, 0, 1835673287
4, 0, 1835721508
4, 0, 1835738663
4, 0, 1835772659
4, 0, 1835885753
4, 0, 1835901539
4, 0, 1835974474
4, 0, 1836010411
4, 0, 1836116145
4, 0, 1836133712
4, 0, 1836134023
4, 0, 1836189437
4, 0, 1836206648
4, 0, 1836207117
4, 0, 1836226421
4, 0, 1836456373
4, 0, 1836458953
0, 4, 1879914989
4, 0, 1879921482
4, 0, 1879952416
0, 4, 1879965913
4, 0, 1880005428
4, 0, 1880016348
4, 0, 1880039125
0, 4, 1880102032
4, 0, 1880103290
4, 0, 1880146681
0, 4, 1880201027
4, 0, 1880204818
4, 0, 1880206280
4, 0, 1880206985
4, 0, 1880225980
4, 0, 1880235940
4, 0, 1880285788
4, 0, 1880294252
4, 0, 1880343469
4, 0, 1880381221
4, 0, 1880392178
0, 4, 1880401269
4, 0, 1880410369
4, 0, 1880422906
4, 0, 1880477820
4, 0, 1880486592
4, 0, 1880522469
0, 4, 1880553156
4, 0, 1880562629
4, 0, 1880572429
4, 0, 1880572752
4, 0, 1880580631
0, 4, 1880594299
4, 0, 1880597957
4, 0, 1880598499
4, 0, 1880609719
4, 0, 1880663618
4, 0, 1880664968
4, 0, 1880709634
4, 0, 1880736142
4, 0, 1880736368
4, 0, 1880756424
4, 0, 1880771065
4, 0, 1880782565
4, 0, 1880800910
4, 0, 1880801990
4, 0, 1880828888
4, 0, 1880841222
4, 0, 1880848392
4, 0, 1880888805
4, 0, 1880895639
4, 0, 1880904154
0, 4, 1880916014
4, 0, 1880934027
4, 0, 1880937071
4, 0, 1880953624
4, 0, 1880955370
4, 0, 1880956893
4, 0, 1881011240
4, 0, 1881011504
0, 4, 1881013185
0, 4, 1881019472
4, 0, 1881029262
4, 0, 1881041117
4, 0, 1881059528
4, 0, 1881136874
4, 0, 1881159228
4, 0, 1881187433
4, 0, 1881199815
4, 0, 1881211148
4, 0, 1881295792
4, 0, 1881338312
4, 0, 1881371908
4, 0, 1881383889
4, 0, 1881417341
4, 0, 1881451798
4, 0, 1881502835
4, 0, 1881517208
0, 4, 1881537775
4, 0, 1881542792
4, 0, 1881580411
4, 0, 1881605978
4, 0, 1881686170
4, 0, 1881754375
0, 4, 1881838716
4, 0, 1881856518
0, 4, 1881860791
4, 0, 1881929786
4, 0, 1881993221
4, 0, 1882109437
4, 0, 1882128427
4, 0, 1882146601
4, 0, 1882162648
0, 4, 1882193352
4, 0, 1882215056
4, 0, 1882248866
4, 0, 1882268773
4, 0, 1882319877
4, 0, 1882320779
4, 0, 1882336878
4, 0, 1882339221
4, 0, 1882374358
4, 0, 1882374395
0, 4, 1882404021
0, 4, 1882462521
0, 4, 1882492138
4, 0, 1882541640
4, 0, 1882561109
4, 0, 1882895988
4, 0, 1882914897
4, 0, 1882972314
4, 0, 1883035964
4, 0, 1883057960
4, 0, 1883077161
0, 4, 1883141012
0, 4, 1883149671
4, 0, 1883200840
4, 0, 1883302756
0, 4, 1883343138
4, 0, 1883557531
4, 0, 1883560665
4, 0, 1883601071
4, 0, 1883640608
4, 0, 1883642226
4, 0, 1932276847
4, 0, 1932293682
4, 0, 1932294612
4, 0, 1932309787
4, 0, 1932396808
4, 0, 1932429824
4, 0, 1932461709
4, 0, 1932481527
0, 4, 1932488838
0, 4, 1932513931
4, 0, 1932700944
4, 0, 1932774181
4, 0, 1932858345
4, 0, 1932858806
4, 0, 1932886859
4, 0, 1932889340
0, 4, 1932894075
4, 0, 1932940222
0, 4, 1932993159
4, 0, 1933020610
4, 0, 1933074283
4, 0, 1933096711
4, 0, 1933138374
4, 0, 1933163201
0, 4, 1933168908
4, 0, 1933174799
4, 0, 1933201064
4, 0, 1933223520
4, 0, 1936064597
4, 0, 1936081436
0, 4, 1955981915
4, 0, 1955984349
4, 0, 1956072613
0, 4, 1956176755
4, 0, 1956211993
4, 0, 1956243781
4, 0, 1956246359
4, 0, 1956277054
4, 0, 1956309909
0, 4, 1956321128
4, 0, 1956326307
4, 0, 1956341748
4, 0, 1956358973
0, 4, 1956401562
4, 0, 1956421114
4, 0, 1956451265
0, 4, 1956482001
4, 0, 1956515858
4, 0, 1956617105
4, 0, 1956633204
4, 0, 1956658822
4, 0, 1956687021
0, 4, 1956733979
4, 0, 1956821216
4, 0, 1956850350
4, 0, 1956860826
4, 0, 1956941140
4, 0, 1956952237
4, 0, 1956966443
4, 0, 1957015189
4, 0, 1957038185
0, 4, 1957046815
4, 0, 1957065322
4, 0, 1957074070
4, 0, 1957241010
4, 0, 1957261782
4, 0, 1957276202
4, 0, 1957322863
0, 4, 1957381185
4, 0, 1957446637
4, 0, 1957542093
4, 0, 1957616649
4, 0, 1957629260
4, 0, 1957671528
4, 0, 1958074103
4, 0, 1958097406
4, 0, 1960229206
4, 0, 1960296107
4, 0, 1960396697
0, 4, 1960576036
4, 0, 1960632882
4, 0, 1960820458
4, 0, 1960823271
4, 0, 1960962796
0, 4, 1961039465
0, 4, 1961059288
4, 0, 1961113314
4, 0, 1961113956
4, 0, 1961150585
4, 0, 1961152410
0, 4, 1961257112
4, 0, 1961292123
4, 0, 1961298221
4, 0, 1961355710
4, 0, 1961355870
0, 4, 1961515560
4, 0, 1961529066
4, 0, 1961551876
4, 0, 1961552457
4, 0, 1961593466
4, 0, 1961721192
4, 0, 1961767016
4, 0, 1962158314
4, 0, 1962201199
4, 0, 1962318476
4, 0, 1962352529
4, 0, 1962395745
4, 0, 1962398562
4, 0, 1962437858
4, 0, 1962438840
4, 0, 1962515341
4, 0, 1962630502
4, 0, 1962678655
0, 4, 1962702878
4, 0, 1962781621
4, 0, 1962798803
4, 0, 1962918207
4, 0, 1962939981
4, 0, 1963027980
0, 4, 1963102339
4, 0, 1963135793
4, 0, 1963136456
4, 0, 1963199198
4, 0, 1963199940
0, 4, 1963228517
4, 0, 1963243460
4, 0, 1963463834
4, 0, 1963488860
0, 4, 1963531079
0, 4, 1963603407
0, 4, 1963649102
4, 0, 1963777480
4, 0, 1963819350
4, 0, 1963996382
4, 0, 1964195230
4, 0, 1964197084
0, 4, 1964246804
4, 0, 1964396263
4, 0, 1964418135
4, 0, 1964426372
4, 0, 1964524421
4, 0, 1964545474
4, 0, 1964588954
4, 0, 1964705872
0, 4, 1964753095
4, 0, 1964814560
4, 0, 1964835491
0, 4, 1964854224
4, 0, 1964937946
4, 0, 1964939778
0, 4, 1965290304
4, 0, 1965355598
0, 4, 1965531224
4, 0, 1965544428
4, 0, 1965563541
4, 0, 1965619672
4, 0, 1965620313
4, 0, 1965621204
4, 0, 1965638677
0, 4, 1965698138
0, 4, 1965757595
4, 0, 1965842315
4, 0, 1965859633
4, 0, 1965878710
4, 0, 1965915972
4, 0, 1965916977
0, 4, 1965949112
4, 0, 1965952061
4, 0, 1965952367
0, 4, 1965996982
4, 0, 1966042682
4, 0, 1966061181
4, 0, 1966183228
4, 0, 1966185081
0, 4, 1966195083
0, 4, 1966228071
4, 0, 1966338217
4, 0, 1966375792
4, 0, 1966375840
4, 0, 1966392529
0, 4, 1966437497
4, 0, 1966523824
4, 0, 1966596581
4, 0, 1966596674
4, 0, 1966636524
4, 0, 1966672119
4, 0, 1966747487
4, 0, 1966782417
4, 0, 1966785804
4, 0, 1966875149
0, 4, 1966904988
4, 0, 1966945807
4, 0, 1966946892
4, 0, 1966962049
4, 0, 1967005599
4, 0, 1967006062
4, 0, 1967024614
4, 0, 1967077689
4, 0, 1967112655
4, 0, 1967115595
4, 0, 1967191955
4, 0, 1967250032
0, 4, 1967303916
0, 4, 1967315112
0, 4, 1967342030
4, 0, 1967361245
4, 0, 1967494194
4, 0, 1967621173
4, 0, 1967621226
0, 4, 1967633158
4, 0, 1967641411
4, 0, 1967738646
4, 0, 1967775539
0, 4, 1967792190
4, 0, 1967812818
0, 4, 1967830429
4, 0, 1967847540
4, 0, 1967870016
4, 0, 1967887927
4, 0, 1967888081
4, 0, 1968023841
4, 0, 1968025577
4, 0, 1968116994
4, 0, 1968135638
0, 4, 1968149051
4, 0, 1968202167
0, 4, 1968249780
4, 0, 1968318627
4, 0, 1968482576
4, 0, 1968483024
4, 0, 1968636206
4, 0, 1968678347
4, 0, 1968680829
4, 0, 1968693796
0, 4, 1968701392
4, 0, 1968708551
4, 0, 1968749622
4, 0, 1968766091
4, 0, 1968849683
4, 0, 1968862893
0, 4, 1968933919
4, 0, 1968939086
4, 0, 1968956230
4, 0, 1969028205
0, 4, 1969029223
4, 0, 1969075187
0, 4, 1969158469
4, 0, 1969199695
4, 0, 1969209470
4, 0, 1969212179
0, 4, 1969301019
0, 4, 1969315147
4, 0, 1969355473
4, 0, 1969356296
0, 4, 1969365404
4, 0, 1969386076
4, 0, 1969405420
4, 0, 1969440099
0, 4, 1969464607
4, 0, 1969471601
4, 0, 1969472555
0, 4, 1969485150
4, 0, 1969504026
0, 4, 1969594766
4, 0, 1969614540
4, 0, 1969634390
4, 0, 1969681049
4, 0, 1969692403
4, 0, 1969716436
4, 0, 1969765452
4, 0, 1969767851
4, 0, 1969783607
4, 0, 1969783740
4, 0, 1969791643
4, 0, 1969846142
4, 0, 1969856914
4, 0, 1969864914
0, 4, 1969865016
4, 0, 1969880633
4, 0, 1969890711
4, 0, 1969916943
4, 0, 1969959604
4, 0, 1969964448
4, 0, 1969975853
4, 0, 1970027331
4, 0, 1970041576
4, 0, 1970044676
4, 0, 1970074958
4, 0, 1970092385
4, 0, 1970148751
4, 0, 1970195826
4, 0, 1970221271
4, 0, 1970228625
4, 0, 1970243736
4, 0, 1970254252
4, 0, 1970309658
4, 0, 1970345420
4, 0, 1970370261
4, 0, 1970409553
0, 4, 1970419452
4, 0, 1970419886
4, 0, 1970443605
4, 0, 1970470700
4, 0, 1970518051
4, 0, 1970529558
0, 4, 1970538978
4, 0, 1970560648
4, 0, 1970569246
4, 0, 1970622050
4, 0, 1970647193
4, 0, 1970664050
4, 0, 1970674292
4, 0, 1970691092
0, 4, 1970747712
4, 0, 1970766326
4, 0, 1970784918
4, 0, 1970792485
4, 0, 1970802419
0, 4, 1970889829
4, 0, 1970894728
0, 4, 1970907096
4, 0, 1970922383
4, 0, 1970942043
4, 0, 1970976058
4, 0, 1970997780
4, 0, 1971017104
4, 0, 1971018048
4, 0, 1971019281
4, 0, 1971031747
0, 4, 1971059925
0, 4, 1971095958
4, 0, 1971109316
4, 0, 1971112157
0, 4, 1971145930
4, 0, 1971194864
4, 0, 1971231329
4, 0, 1971268786
4, 0, 1971279523
4, 0, 1971305493
0, 4, 1971329093
4, 0, 1971345070
0, 4, 1971353515
4, 0, 1971399305
4, 0, 1971482268
4, 0, 1971513366
4, 0, 1971515559
4, 0, 1971529594
4, 0, 1971577875
4, 0, 1971591438
4, 0, 1971591897
0, 4, 1971592439
4, 0, 1971604877
4, 0, 1971678874
0, 4, 1971680639
4, 0, 1971781491
0, 4, 1971915406
4, 0, 1971986939
4, 0, 1972002565
0, 4, 1972040388
4, 0, 1972047168
0, 4, 1972052176
4, 0, 1972113488
4, 0, 1972177813
4, 0, 1972194617
4, 0, 1972211822
4, 0, 1972212044
0, 4, 1972220610
4, 0, 1972226044
0, 4, 1972282201
4, 0, 1972294343
4, 0, 1972329512
4, 0, 1972330308
0, 4, 1972397859
4, 0, 1972421794
4, 0, 1972439010
4, 0, 1972454054
4, 0, 1972455061
4, 0, 1972472818
0, 4, 1972624038
4, 0, 1972634122
0, 4, 1972639767
0, 4, 1972674580
4, 0, 1972702941
4, 0, 1972771911
4, 0, 1972774537
4, 0, 1972789984
4, 0, 1972897232
4, 0, 1972987530
4, 0, 1973021025
4, 0, 1973365696
4, 0, 1973400421
4, 0, 1973401861
4, 0, 1973435677
4, 0, 1973468959
4, 0, 1973519672
0, 4, 1973528321
4, 0, 1973569886
4, 0, 1973570304
0, 4, 1973713053
4, 0, 1973724240
4, 0, 1973809367
4, 0, 1973879330
4, 0, 1973880325
4, 0, 1973948888
4, 0, 1973965423
0, 4, 1974013476
4, 0, 1974037882
4, 0, 1974052229
4, 0, 1974087754
4, 0, 1974150776
0, 4, 1974163980
4, 0, 1974202420
4, 0, 1974219174
0, 4, 1974283568
4, 0, 1974332894
4, 0, 1974381482
4, 0, 1974427800
4, 0, 1974428822
4, 0, 1974444395
4, 0, 1974445089
4, 0, 1974446866
4, 0, 1974645728
4, 0, 1974658651
4, 0, 1974660315
4, 0, 1974675381
0, 4, 1974714908
4, 0, 1974741993
4, 0, 1974776762
4, 0, 1974833372
4, 0, 1974851818
4, 0, 1974941925
4, 0, 1974960721
4, 0, 1975040504
0, 4, 1975048599
4, 0, 1975088292
4, 0, 1975139302
4, 0, 1975155081
4, 0, 1975184407
4, 0, 1975186670
4, 0, 1975201513
4, 0, 1975233353
4, 0, 1975343431
4, 0, 1975408857
4, 0, 1975439293
4, 0, 1975533891
4, 0, 1975536237
4, 0, 1975613283
4, 0, 1975614726
4, 0, 1975628152
4, 0, 1975629391
0, 4, 1975655145
4, 0, 1975725759
4, 0, 1975739142
0, 4, 1975780196
4, 0, 1975802551
4, 0, 1975849245
4, 0, 1975861525
4, 0, 1975939493
4, 0, 1975957140
0, 4, 1975962035
4, 0, 1976012979
4, 0, 1976091889
4, 0, 1976109543
4, 0, 1976151999
4, 0, 1976166473
4, 0, 1976197273
4, 0, 1976197547
4, 0, 1976215800
0, 4, 1976309034
4, 0, 1976351799
4, 0, 1976468031
4, 0, 1976481129
4, 0, 1976520175
4, 0, 1976531261
4, 0, 1976531735
4, 0, 1976548038
4, 0, 1976722420
4, 0, 1976734877
0, 4, 1976752440
4, 0, 1976775270
4, 0, 1976776030
4, 0, 1976778499
4, 0, 1976799764
0, 4, 1976830613
0, 4, 1976905800
4, 0, 1976912718
4, 0, 1976950602
4, 0, 1976972640
4, 0, 1976972661
4, 0, 1976996340
4, 0, 1977004923
4, 0, 1977006629
4, 0, 1977027067
0, 4, 1977051436
4, 0, 1977053537
4, 0, 1977053993
4, 0, 1977080525
4, 0, 1977134499
0, 4, 1977165281
0, 4, 1977188181
4, 0, 1977194989
4, 0, 1977260552
4, 0, 1977260769
4, 0, 1977260835
4, 0, 1977270217
4, 0, 1977307638
4, 0, 1977332144
4, 0, 1977332203
4, 0, 1977352355
4, 0, 1977391760
4, 0, 1977478446
4, 0, 1977575845
4, 0, 1977579125
0, 4, 1977590788
0, 4, 1977621730
4, 0, 1977641273
4, 0, 1977704286
0, 4, 1977752930
4, 0, 1977779735
4, 0, 1977850445
4, 0, 1977940904
4, 0, 1977971374
4, 0, 1977982912
4, 0, 1977996441
4, 0, 1977997080
4, 0, 1978011295
4, 0, 1978013489
4, 0, 1978067922
4, 0, 1978081358
4, 0, 1978148270
4, 0, 1978172682
4, 0, 1978174976
4, 0, 1978200499
4, 0, 1978236695
4, 0, 1978263890
4, 0, 1978272867
4, 0, 1978286609
4, 0, 1978309098
4, 0, 1978359765
4, 0, 1978385104
4, 0, 1978394494
4, 0, 1978438587
0, 4, 1978441286
4, 0, 1978513754
4, 0, 1978516086
4, 0, 1978544281
4, 0, 1978618552
0, 4, 1978619890
4, 0, 1978674813
4, 0, 1978725460
4, 0, 1978747539
4, 0, 1978765024
4, 0, 1978776042
4, 0, 1978784868
4, 0, 1978816189
4, 0, 1978842391
4, 0, 1978854801
4, 0, 1978881072
4, 0, 1978917583
4, 0, 1978944438
4, 0, 1978971910
4, 0, 1978972341
4, 0, 1978998204
4, 0, 1979007194
4, 0, 1979023292
4, 0, 1979049079
4, 0, 1979082890
0, 4, 1979092397
4, 0, 1979099239
4, 0, 1979116263
4, 0, 1979138878
4, 0, 1979154668
4, 0, 1979157950
4, 0, 1979190637
4, 0, 1979190716
4, 0, 1979229344
4, 0, 1979262733
4, 0, 1979270624
4, 0, 1979310641
4, 0, 1979316474
4, 0, 1979317118
4, 0, 1979334350
4, 0, 1979350277
4, 0, 1979360530
4, 0, 1979390778
4, 0, 1979402873
4, 0, 1979428033
4, 0, 1979452186
4, 0, 1979481632
4, 0, 1979536499
4, 0, 1979543474
4, 0, 1979558827
4, 0, 1979561605
4, 0, 1979566665
4, 0, 1979567381
4, 0, 1979576712
4, 0, 1979583660
4, 0, 1979632145
4, 0, 1979655588
4, 0, 1979683045
4, 0, 1979698808
4, 0, 1979707351
4, 0, 1979707739
4, 0, 1979750162
4, 0, 1979805165
4, 0, 1979807235
4, 0, 1979854714
0, 4, 1979863245
0, 4, 1979876771
0, 4, 1979930698
4, 0, 1979961819
4, 0, 1980017547
4, 0, 1980025682
0, 4, 1980193440
4, 0, 1980243256
4, 0, 1980244299
4, 0, 1980254470
4, 0, 1980311345
4, 0, 1980398792
4, 0, 1980445102
4, 0, 1980454888
4, 0, 1980552206
0, 4, 1980562958
4, 0, 1980566488
4, 0, 1980604360
4, 0, 1980616407
4, 0, 1980618570
4, 0, 1980668650
0, 4, 1980739127
4, 0, 1980745472
4, 0, 1980857981
4, 0, 1980868582
4, 0, 1980871245
0, 4, 1980980441
4, 0, 1981029899
0, 4, 1981051220
4, 0, 1981086899
0, 4, 1981127497
4, 0, 1981145763
0, 4, 1981161655
4, 0, 1981172548
4, 0, 1981234761
4, 0, 1981250069
4, 0, 1981281710
4, 0, 1981296175
4, 0, 1981375366
4, 0, 1981390181
0, 4, 1981391396
4, 0, 1981438938
0, 4, 1981443860
4, 0, 1981456978
4, 0, 1981470767
0, 4, 1981545563
4, 0, 1981564503
4, 0, 1981643130
4, 0, 1981658974
4, 0, 1981706336
4, 0, 1981707307
4, 0, 1981724064
4, 0, 1981770082
4, 0, 1981788047
4, 0, 1981801687
4, 0, 1981801688
4, 0, 1981887156
0, 4, 1981900585
4, 0, 1981917790
4, 0, 1981935469
4, 0, 1982017001
4, 0, 1982098562
4, 0, 1982115200
4, 0, 1982115285
4, 0, 1982151617
4, 0, 1982165892
4, 0, 1982166633
4, 0, 1982167358
0, 4, 1982242800
4, 0, 1982248051
4, 0, 1982282248
4, 0, 1982364930
4, 0, 1982416229
4, 0, 1982431031
4, 0, 1982449367
4, 0, 1982515350
4, 0, 1982532274
4, 0, 1982634585
0, 4, 1982668299
4, 0, 1982682813
4, 0, 1982735412
0, 4, 1982747550
4, 0, 1982769422
4, 0, 1982787500
4, 0, 1982835826
4, 0, 1982856159
4, 0, 1982874538
4, 0, 1982890263
4, 0, 1982908226
4, 0, 1983049388
4, 0, 1983085431
4, 0, 1983204428
4, 0, 1983207574
0, 4, 1983227721
4, 0, 1983309302
0, 4, 1983327129
4, 0, 1983433495
4, 0, 1983486277
0, 4, 1983544400
4, 0, 1983570480
4, 0, 1983589353
4, 0, 1983660004
4, 0, 1983675710
4, 0, 1983691416
4, 0, 1983694156
4, 0, 1983793863
4, 0, 1983847117
4, 0, 1983863774
4, 0, 1983950254
4, 0, 1983950926
4, 0, 1983969629
4, 0, 1983969684
4, 0, 1983970305
4, 0, 1983970733
4, 0, 1984072241
4, 0, 1984086695
4, 0, 1984090316
4, 0, 1984106267
4, 0, 1984395758
4, 0, 1984395798
4, 0, 1984414713
4, 0, 1984464114
4, 0, 1984482037
4, 0, 1984518086
4, 0, 1984566029
4, 0, 1984601873
0, 4, 1984621626
0, 4, 1984730378
4, 0, 1984731079
4, 0, 1984733349
0, 4, 1984758729
4, 0, 1984799362
4, 0, 1984816341
0, 4, 1984835765
4, 0, 1984847555
4, 0, 1984882031
4, 0, 1984900628
4, 0, 1984935450
4, 0, 1984968426
0, 4, 1985099724
4, 0, 1985101337
0, 4, 1985167510
0, 4, 1985194268
0, 4, 1985196593
4, 0, 1985214887
4, 0, 1985250994
4, 0, 1985251289
4, 0, 1985314329
4, 0, 1985348873
4, 0, 1985366887
4, 0, 1985366963
4, 0, 1985381362
0, 4, 1985395190
4, 0, 1985400868
4, 0, 1985401668
0, 4, 1985416585
0, 4, 1985421523
4, 0, 1985473664
4, 0, 1985507265
4, 0, 1985557373
4, 0, 1985575804
0, 4, 1985589594
4, 0, 1985608976
0, 4, 1985629149
0, 4, 1985820444
4, 0, 1985838135
4, 0, 1985840139
4, 0, 1985892780
4, 0, 1985906588
4, 0, 1985986062
4, 0, 1985986516
0, 4, 1985995941
4, 0, 1986026486
4, 0, 1986156092
4, 0, 1986194216
4, 0, 1986218493
4, 0, 1986329088
4, 0, 1986350125
4, 0, 1986425054
4, 0, 1986475346
4, 0, 1986571529
0, 4, 1986581930
4, 0, 1986619770
4, 0, 1986641242
4, 0, 1986718029
4, 0, 1986786468
0, 4, 1986920737
4, 0, 1986977043
0, 4, 1988712392
4, 0, 1988726701
4, 0, 1988736262
4, 0, 1988746884
4, 0, 1988770562
0, 4, 1988771138
4, 0, 1988794017
4, 0, 1988850388
4, 0, 1988864101
0, 4, 1988864103
4, 0, 1988883408
4, 0, 1988947547
4, 0, 1988977689
4, 0, 1989103276
4, 0, 1989195577
0, 4, 1989201381
4, 0, 1989238668
0, 4, 1989295103
4, 0, 1989299126
4, 0, 1989318660
4, 0, 1989380034
0, 4, 1989435504
4, 0, 1989444879
4, 0, 1989471755
4, 0, 1989473566
4, 0, 1989482645
4, 0, 1989490494
4, 0, 1989542505
0, 4, 1989568749
4, 0, 1989582521
4, 0, 1989620620
4, 0, 1989636999
4, 0, 1989650043
4, 0, 1989682931
4, 0, 1989694330
4, 0, 1989713332
4, 0, 1989739011
4, 0, 1989756576
4, 0, 1989757455
4, 0, 1989759757
4, 0, 1989787765
4, 0, 1989797455
4, 0, 1989805127
4, 0, 1989815670
4, 0, 1989824831
4, 0, 1989824979
4, 0, 1989832354
4, 0, 1989841960
4, 0, 1989854387
4, 0, 1989884136
4, 0, 1989893667
0, 4, 1989897759
4, 0, 1989903419
4, 0, 1989911401
4, 0, 1989912915
4, 0, 1989970487
4, 0, 1990000835
4, 0, 1990023395
4, 0, 1990042732
4, 0, 1990051361
4, 0, 1990079729
4, 0, 1990081251
4, 0, 1990113456
4, 0, 1990210457
4, 0, 1990213029
4, 0, 1990224474
4, 0, 1990270454
4, 0, 1990293696
0, 4, 1990297488
0, 4, 1990315085
4, 0, 1990361201
4, 0, 1990397691
0, 4, 1990436133
4, 0, 1990447518
4, 0, 1990485204
0, 4, 1990505924
4, 0, 1990524894
0, 4, 1990590513
4, 0, 1990590972
4, 0, 1990602310
4, 0, 1990670887
4, 0, 1990682302
4, 0, 1990698900
4, 0, 1990738745
4, 0, 1990841329
0, 4, 1990849423
0, 4, 1990872440
4, 0, 1990906642
4, 0, 1990968221
4, 0, 1990969320
0, 4, 1991070443
0, 4, 1991102365
4, 0, 1991137055
4, 0, 1991151591
0, 4, 1991156772
0, 4, 1991189594
4, 0, 1991222386
4, 0, 1991260746
4, 0, 1991327496
4, 0, 1991328471
4, 0, 1991349719
4, 0, 1991385377
4, 0, 1991456970
4, 0, 1991478224
4, 0, 1991494451
4, 0, 1991605205
0, 4, 1991619818
0, 4, 1991656710
4, 0, 1991796239
0, 4, 1991823709
0, 4, 1991827117
4, 0, 1991836024
4, 0, 1991989232
4, 0, 1992032581
4, 0, 1992091351
4, 0, 1992108840
4, 0, 1992111362
4, 0, 1992203822
4, 0, 1992229457
4, 0, 1992230245
4, 0, 1992271679
4, 0, 1992313668
4, 0, 1992316009
4, 0, 1992355114
4, 0, 1992419107
4, 0, 1992455857
4, 0, 1992456581
0, 4, 1992501732
4, 0, 1992518706
4, 0, 1992519882
4, 0, 1992560349
4, 0, 1992603794
4, 0, 1992605142
4, 0, 1992607102
4, 0, 1992646008
0, 4, 1992679692
4, 0, 1992708505
4, 0, 1992892783
4, 0, 1992893061
4, 0, 1992956509
4, 0, 1992996284
4, 0, 1993120594
4, 0, 1993123737
4, 0, 1993144403
4, 0, 1993245980
4, 0, 1993246416
4, 0, 1993351708
4, 0, 1993373599
4, 0, 1993394010
4, 0, 1993412683
0, 4, 1993538161
4, 0, 1993540627
4, 0, 1993665264
4, 0, 1993665707
4, 0, 1993728824
0, 4, 1993829636
4, 0, 1993837609
4, 0, 1993879076
0, 4, 1993985091
4, 0, 1994029738
4, 0, 1994057493
4, 0, 1994113232
4, 0, 1994190204
4, 0, 1994251292
0, 4, 1994290319
4, 0, 1994316027
4, 0, 1994410977
4, 0, 1994631126
4, 0, 1994724802
4, 0, 1994764896
4, 0, 1994828373
4, 0, 1994863044
4, 0, 1994891527
4, 0, 1994891699
4, 0, 1994997850
4, 0, 1995018447
4, 0, 1995149256
4, 0, 1995191483
4, 0, 1995192416
4, 0, 1995211777
0, 4, 1995234715
4, 0, 1995274647
4, 0, 1995403087
4, 0, 1995446739
4, 0, 1995468359
4, 0, 1995529821
0, 4, 1995548586
4, 0, 1995592533
4, 0, 1995719503
4, 0, 1995721580
4, 0, 1995851607
0, 4, 1995912901
4, 0, 1995939628
4, 0, 1995940365
4, 0, 1995956924
4, 0, 1995958251
4, 0, 1996024508
4, 0, 1996045212
4, 0, 1996065978
4, 0, 1996066741
4, 0, 1996109675
0, 4, 1996174614
0, 4, 1996192111
4, 0, 1996216128
0, 4, 1996245626
4, 0, 1996257822
4, 0, 1996276529
4, 0, 1996336233
4, 0, 1996357305
4, 0, 1996420073
4, 0, 1996518644
4, 0, 1996536526
4, 0, 1996595845
4, 0, 1996692657
4, 0, 1996787711
4, 0, 1996805155
4, 0, 1996859713
4, 0, 1996876426
4, 0, 1996878848
4, 0, 1996898673
4, 0, 1996916724
4, 0, 1996917792
4, 0, 1996954921
4, 0, 1996972646
0, 4, 1997009055
4, 0, 1997028367
4, 0, 1997048398
0, 4, 1997093601
4, 0, 1997119782
4, 0, 1997123039
0, 4, 1997212357
4, 0, 1997213502
0, 4, 1997260503
0, 4, 1997369236
4, 0, 1997388144
4, 0, 1997398001
4, 0, 1997425873
4, 0, 1997427492
0, 4, 1997463953
4, 0, 1997539608
4, 0, 1997540025
0, 4, 1997655687
4, 0, 1997659079
4, 0, 1997678040
4, 0, 1997678271
4, 0, 1997697519
4, 0, 1997734796
4, 0, 1997735833
4, 0, 1997750311
4, 0, 1997787592
4, 0, 1997829491
4, 0, 1997890629
4, 0, 1997910286
4, 0, 1997964277
0, 4, 1997975253
0, 4, 1998023390
4, 0, 1998065234
4, 0, 1998085972
4, 0, 1998086133
4, 0, 1998109242
0, 4, 1998199292
4, 0, 1998229914
4, 0, 1998269815
0, 4, 1998341704
4, 0, 1998393397
4, 0, 1998433269
4, 0, 1998493769
4, 0, 1998571821
4, 0, 1998672713
4, 0, 1998696896
4, 0, 1998917266
4, 0, 1998956190
4, 0, 1999020740
4, 0, 1999045148
4, 0, 1999080488
4, 0, 1999082500
4, 0, 1999218343
4, 0, 1999236514
4, 0, 1999294405
4, 0, 1999390533
4, 0, 1999647580
4, 0, 1999667170
4, 0, 1999708883
4, 0, 1999746989
0, 4, 1999761186
4, 0, 1999764270
4, 0, 1999783989
4, 0, 1999821888
4, 0, 1999838272
4, 0, 2000153119
4, 0, 2000222270
4, 0, 2000288735
4, 0, 2000302851
4, 0, 2000304403
4, 0, 2000304879
4, 0, 2000332658
4, 0, 2000334964
4, 0, 2000351448
0, 4, 2000367444
4, 0, 2000400499
4, 0, 2000412321
4, 0, 2000415571
4, 0, 2000428122
4, 0, 2000600923
0, 4, 2000628048
4, 0, 2000632044
4, 0, 2000671213
4, 0, 2000709333
4, 0, 2000724077
0, 4, 2000760726
0, 4, 2000761412
4, 0, 2000827514
0, 4, 2000859431
4, 0, 2000876174
4, 0, 2000880576
4, 0, 2000916354
0, 4, 2000937602
4, 0, 2001009494
4, 0, 2001030096
4, 0, 2001051834
4, 0, 2001076939
4, 0, 2001077413
4, 0, 2001120529
4, 0, 2001120667
0, 4, 2001147127
4, 0, 2001167271
4, 0, 2001179123
4, 0, 2001179681
0, 4, 2001187076
4, 0, 2001245981
0, 4, 2001255479
0, 4, 2001270228
4, 0, 2001298009
4, 0, 2001311901
4, 0, 2001322140
4, 0, 2001341880
4, 0, 2001362520
4, 0, 2001404025
4, 0, 2001404553
4, 0, 2001437337
0, 4, 2001457053
0, 4, 2001495919
4, 0, 2001525830
4, 0, 2001577743
4, 0, 2001578348
4, 0, 2001588719
0, 4, 2001692811
0, 4, 2001696507
4, 0, 2001751668
4, 0, 2001767990
4, 0, 2001771572
4, 0, 2001790917
4, 0, 2001799719
4, 0, 2001896316
4, 0, 2001947271
4, 0, 2001956856
4, 0, 2001965645
4, 0, 2001967083
4, 0, 2001975769
4, 0, 2001976060
4, 0, 2002002173
4, 0, 2002015528
0, 4, 2002027149
4, 0, 2002031791
4, 0, 2002065355
0, 4, 2002127295
4, 0, 2002141589
4, 0, 2002204601
4, 0, 2002253983
4, 0, 2002255385
4, 0, 2002298070
4, 0, 2002316755
4, 0, 2002316821
4, 0, 2002418805
4, 0, 2002418829
4, 0, 2002443505
4, 0, 2002467623
4, 0, 2002498280
0, 4, 2002498757
4, 0, 2002594920
4, 0, 2002670646
4, 0, 2002710750
4, 0, 2002711429
4, 0, 2002738271
4, 0, 2002777609
4, 0, 2002830925
4, 0, 2002844615
4, 0, 2002871716
4, 0, 2002901706
4, 0, 2002914471
0, 4, 2002987078
0, 4, 2003023406
4, 0, 2003079325
0, 4, 2003082359
4, 0, 2003129899
4, 0, 2003204139
4, 0, 2003206489
4, 0, 2003206504
0, 4, 2003229650
4, 0, 2003247771
4, 0, 2003263095
4, 0, 2003264493
4, 0, 2003312248
4, 0, 2003313756
4, 0, 2003317043
4, 0, 2003536021
4, 0, 2003537756
4, 0, 2003555932
4, 0, 2003601108
4, 0, 2003792939
4, 0, 2004190742
4, 0, 2004199978
4, 0, 2004305396
4, 0, 2004454660
4, 0, 2004585522
4, 0, 2004685835
4, 0, 2005061254
0, 4, 2005119960
4, 0, 2005440111
0, 4, 2005749882
4, 0, 2006145361
0, 4, 2006459542
4, 0, 2006532087
4, 0, 2006617540
4, 0, 2006965930
0, 4, 2007086355
4, 0, 2007242690
4, 0, 2008077739
0, 4, 2008244725
4, 0, 2008556706
4, 0, 2008559579
4, 0, 2008559961
4, 0, 2008560189
4, 0, 2008624625
4, 0, 2008810699
4, 0, 2008965132
4, 0, 2009186598
0, 4, 2009275068
4, 0, 2009589317
0, 4, 2010644681
4, 0, 2011036397
4, 0, 2011037714
0, 4, 2011239116
4, 0, 2011371735
4, 0, 2011505296
4, 0, 2011632671
4, 0, 2011927964
4, 0, 2012030470
4, 0, 2012032043
4, 0, 2012075102
4, 0, 2012152796
4, 0, 2012153004
4, 0, 2012276128
4, 0, 2012312804
4, 0, 2012391260
0, 4, 2012549126
0, 4, 2012557382
0, 4, 2012627762
4, 0, 2012667329
4, 0, 2012722962
4, 0, 2012723809
4, 0, 2012896727
0, 4, 2012907990
4, 0, 2012918070
0, 4, 2012926711
4, 0, 2012954587
4, 0, 2013067159
4, 0, 2013084011
4, 0, 2013096940
4, 0, 2013164060
4, 0, 2013178948
4, 0, 2013179214
4, 0, 2013179966
4, 0, 2013287663
4, 0, 2013288726
0, 4, 2013323587
4, 0, 2013341815
0, 4, 2013410894
4, 0, 2013457990
4, 0, 2013470451
4, 0, 2013495503
4, 0, 2013525590
4, 0, 2013536004
4, 0, 2013536174
0, 4, 2013653469
4, 0, 2013683586
4, 0, 2013693590
4, 0, 2013720300
4, 0, 2013791295
4, 0, 2013805585
4, 0, 2013855300
4, 0, 2013900996
4, 0, 2013932949
4, 0, 2013974188
4, 0, 2013982456
4, 0, 2014023109
4, 0, 2014023325
4, 0, 2014035669
4, 0, 2014036262
4, 0, 2014055084
4, 0, 2014112318
4, 0, 2014135842
0, 4, 2014148531
4, 0, 2014157168
4, 0, 2014211807
4, 0, 2014253638
4, 0, 2014295733
0, 4, 2014295746
4, 0, 2014308011
4, 0, 2014310371
4, 0, 2014317083
4, 0, 2014339990
4, 0, 2014359839
4, 0, 2014449129
4, 0, 2014452437
4, 0, 2014458923
4, 0, 2014471247
4, 0, 2014538833
4, 0, 2014579913
4, 0, 2014629488
4, 0, 2014691453
4, 0, 2014693062
4, 0, 2014703614
0, 4, 2014720087
4, 0, 2014731765
4, 0, 2014753660
4, 0, 2014753901
4, 0, 2014815438
4, 0, 2014866449
4, 0, 2014886961
0, 4, 2014908428
4, 0, 2014917009
4, 0, 2014918603
4, 0, 2014949754
0, 4, 2014987658
4, 0, 2014998696
4, 0, 2015041851
4, 0, 2015050080
4, 0, 2015051837
4, 0, 2015063840
4, 0, 2015127795
4, 0, 2015163696
4, 0, 2015175348
0, 4, 2015206815
4, 0, 2015246844
0, 4, 2015312993
4, 0, 2015336491
4, 0, 2015338603
4, 0, 2015436008
4, 0, 2015449991
0, 4, 2015491890
4, 0, 2015528854
0, 4, 2015588045
4, 0, 2015651678
4, 0, 2015667870
4, 0, 2015697259
0, 4, 2015711618
4, 0, 2015722464
4, 0, 2015752352
4, 0, 2015784644
4, 0, 2015970067
4, 0, 2015985772
4, 0, 2015986647
0, 4, 2016030368
4, 0, 2016054909
4, 0, 2016055363
4, 0, 2016072529
4, 0, 2016105149
4, 0, 2016122955
4, 0, 2016123301
0, 4, 2016130865
4, 0, 2016176404
4, 0, 2016250485
4, 0, 2016283067
4, 0, 2016362866
4, 0, 2016380616
4, 0, 2016399431
4, 0, 2016418013
4, 0, 2016474041
4, 0, 2016556999
4, 0, 2016976610
0, 4, 2016999562
4, 0, 2017011677
4, 0, 2017015076
4, 0, 2017104199
4, 0, 2017106733
4, 0, 2017125217
4, 0, 2017194237
0, 4, 2017333211
4, 0, 2017466467
4, 0, 2017485812
4, 0, 2017545021
4, 0, 2017641213
4, 0, 2017643225
4, 0, 2017685208
4, 0, 2017702571
4, 0, 2017704222
4, 0, 2017958920
4, 0, 2018011913
0, 4, 2018147422
4, 0, 2018221648
0, 4, 2018269690
4, 0, 2018353045
4, 0, 2018376280
4, 0, 2018419840
4, 0, 2018464412
0, 4, 2018499466
0, 4, 2018630688
4, 0, 2018686618
4, 0, 2018732908
4, 0, 2030738793
4, 0, 2030755804
4, 0, 2030862273
4, 0, 2031083377
4, 0, 2031180864
4, 0, 2031190134
0, 4, 2031238773
0, 4, 2031912467
4, 0, 2032158474
4, 0, 2032506760
4, 0, 2032695643
4, 0, 2032749464
4, 0, 2032885050
4, 0, 2033595822
0, 4, 2039678872
4, 0, 2039711243
4, 0, 2039753658
4, 0, 2039765546
4, 0, 2039779782
4, 0, 2039870010
4, 0, 2039871503
4, 0, 2039895863
4, 0, 2039896498
4, 0, 2039910869
4, 0, 2039911911
0, 4, 2043892498
0, 4, 2043947464
4, 0, 2043977298
4, 0, 2044005644
0, 4, 2044050625
4, 0, 2044219446
4, 0, 2044314342
4, 0, 2044346523
4, 0, 2044427486
4, 0, 2044464986
4, 0, 2044641822
4, 0, 2044694964
4, 0, 2044814850
4, 0, 2044930269
4, 0, 2044930613
4, 0, 2045107513
0, 4, 2045117984
0, 4, 2045149945
4, 0, 2045170678
4, 0, 2045197729
0, 4, 2045198125
4, 0, 2045437602
4, 0, 2045483017
0, 4, 2045841638
0, 4, 2046125025
4, 0, 2046236095
0, 4, 2046467230
4, 0, 2046661960
4, 0, 2046705005
4, 0, 2046822666
0, 4, 2046974921
4, 0, 2047049213
4, 0, 2047296850
4, 0, 2047389913
4, 0, 2047391062
4, 0, 2047434135
4, 0, 2047581389
4, 0, 2047672703
0, 4, 2047672907
4, 0, 2047746722
4, 0, 2047790779
4, 0, 2047792435
4, 0, 2047856380
4, 0, 2047858018
4, 0, 2047902007
4, 0, 2047988616
4, 0, 2048010284
4, 0, 2048031475
0, 4, 2048063423
0, 4, 2048094413
4, 0, 2048115876
4, 0, 2048138657
4, 0, 2048202160
4, 0, 2048223166
4, 0, 2048244095
0, 4, 2048255466
4, 0, 2048283830
0, 4, 2048285610
4, 0, 2048304606
0, 4, 2048381138
4, 0, 2048412737
4, 0, 2048516472
4, 0, 2048577265
4, 0, 2048638853
0, 4, 2048679195
4, 0, 2048803151
0, 4, 2048832503
4, 0, 2048902399
4, 0, 2049004923
4, 0, 2049126572
0, 4, 2049273943
4, 0, 2049284937
4, 0, 2049286458
4, 0, 2049305380
4, 0, 2049365035
4, 0, 2049384285
4, 0, 2049461341
4, 0, 2049461606
4, 0, 2049519636
4, 0, 2049539137
0, 4, 2049697065
4, 0, 2049708007
4, 0, 2049838400
4, 0, 2049878032
4, 0, 2049911847
0, 4, 2049930071
4, 0, 2050004524
4, 0, 2050020165
4, 0, 2050041247
4, 0, 2050115199
4, 0, 2050154067
4, 0, 2050282339
4, 0, 2050285762
0, 4, 2050291889
4, 0, 2050320354
4, 0, 2050320538
4, 0, 2050320875
4, 0, 2050361434
0, 4, 2050405413
0, 4, 2050405738
4, 0, 2050417937
4, 0, 2050434396
4, 0, 2050435574
4, 0, 2050581757
4, 0, 2050619058
4, 0, 2050640153
4, 0, 2050641615
4, 0, 2050657297
4, 0, 2050695195
4, 0, 2050734300
4, 0, 2050829979
4, 0, 2050884067
4, 0, 2050903956
4, 0, 2050904698
0, 4, 2050955778
0, 4, 2051012325
4, 0, 2051122165
4, 0, 2051143887
0, 4, 2051149296
4, 0, 2051161334
4, 0, 2051196200
4, 0, 2051209469
4, 0, 2051242290
4, 0, 2051243390
0, 4, 2051249579
4, 0, 2051257808
4, 0, 2051317114
4, 0, 2051327314
4, 0, 2051339200
4, 0, 2051347095
0, 4, 2051350550
4, 0, 2051373871
4, 0, 2051420448
4, 0, 2051435061
0, 4, 2051484319
4, 0, 2051498708
0, 4, 2051519880
0, 4, 2051574815
4, 0, 2051576338
4, 0, 2051611525
4, 0, 2051626532
4, 0, 2051643286
4, 0, 2051645543
4, 0, 2051659530
4, 0, 2051674050
0, 4, 2051711369
4, 0, 2051723243
4, 0, 2051733249
0, 4, 2051743380
4, 0, 2051870101
4, 0, 2051870539
4, 0, 2051944893
4, 0, 2051958919
4, 0, 2052050498
4, 0, 2052060687
4, 0, 2052120280
0, 4, 2052150386
4, 0, 2052161749
4, 0, 2052173376
4, 0, 2052192884
4, 0, 2052260030
4, 0, 2052260949
4, 0, 2052333273
4, 0, 2052376488
4, 0, 2052387006
4, 0, 2052425245
4, 0, 2052454714
4, 0, 2052475977
4, 0, 2052494147
4, 0, 2052502305
4, 0, 2052512832
4, 0, 2052535602
4, 0, 2052551115
4, 0, 2052588727
4, 0, 2052589205
4, 0, 2052596834
0, 4, 2052597930
4, 0, 2052661577
4, 0, 2052694297
4, 0, 2052700840
4, 0, 2052719106
4, 0, 2052737090
4, 0, 2052771439
4, 0, 2052834135
0, 4, 2052854357
4, 0, 2052857472
4, 0, 2052859374
4, 0, 2052865551
4, 0, 2052866830
4, 0, 2052907212
4, 0, 2052924377
0, 4, 2052943787
4, 0, 2052948988
4, 0, 2052959197
4, 0, 2052966652
0, 4, 2052983359
4, 0, 2052989244
4, 0, 2052989558
4, 0, 2053012026
4, 0, 2053021259
4, 0, 2053022842
4, 0, 2053047305
4, 0, 2053049697
4, 0, 2053050802
4, 0, 2053058541
4, 0, 2053065327
0, 4, 2053080599
4, 0, 2053080938
4, 0, 2053081940
4, 0, 2053126193
4, 0, 2053132095
4, 0, 2053166503
0, 4, 2053173907
4, 0, 2053176699
0, 4, 2053178089
4, 0, 2053298538
4, 0, 2053316113
4, 0, 2053368688
4, 0, 2053395961
4, 0, 2053416112
4, 0, 2053451192
4, 0, 2053472109
4, 0, 2053489850
4, 0, 2053502340
0, 4, 2053556143
0, 4, 2053566861
4, 0, 2053570379
4, 0, 2053612566
4, 0, 2053682206
0, 4, 2053703659
0, 4, 2053718406
4, 0, 2053746919
4, 0, 2053748414
4, 0, 2053748954
4, 0, 2053772571
4, 0, 2053801687
4, 0, 2053815564
4, 0, 2053816641
4, 0, 2053858057
4, 0, 2053861047
4, 0, 2053881057
4, 0, 2053894369
4, 0, 2053908077
0, 4, 2053918152
4, 0, 2053946844
4, 0, 2053983330
4, 0, 2053995430
4, 0, 2053996720
0, 4, 2054003614
4, 0, 2054009700
4, 0, 2054011000
4, 0, 2054022677
4, 0, 2054035205
0, 4, 2054125547
4, 0, 2054152825
0, 4, 2054265158
0, 4, 2054293053
4, 0, 2054334262
4, 0, 2054350233
4, 0, 2054395147
4, 0, 2054427692
0, 4, 2054464944
4, 0, 2054472078
4, 0, 2054485735
4, 0, 2054502346
4, 0, 2054502542
4, 0, 2054561308
0, 4, 2054590838
0, 4, 2054600809
4, 0, 2054624974
4, 0, 2054657043
4, 0, 2054717302
0, 4, 2054742785
4, 0, 2054764604
4, 0, 2054796187
4, 0, 2054826273
4, 0, 2054873163
4, 0, 2054904471
4, 0, 2054918386
4, 0, 2054921288
4, 0, 2054934009
4, 0, 2054934949
0, 4, 2054983979
4, 0, 2055013569
4, 0, 2055056901
4, 0, 2055072550
4, 0, 2055118356
0, 4, 2055124472
4, 0, 2055152777
4, 0, 2055196102
4, 0, 2055290884
0, 4, 2055307907
4, 0, 2055323546
4, 0, 2055401830
4, 0, 2055402827
0, 4, 2055471246
4, 0, 2055478726
4, 0, 2055491512
0, 4, 2055502943
4, 0, 2055538669
4, 0, 2055572452
4, 0, 2055774555
4, 0, 2055828882
4, 0, 2055832274
4, 0, 2055957845
4, 0, 2055958291
4, 0, 2055994354
4, 0, 2055997262
4, 0, 2056095063
4, 0, 2056206241
4, 0, 2056208327
0, 4, 2056236919
4, 0, 2056316017
0, 4, 2056347853
4, 0, 2056371849
0, 4, 2056382582
4, 0, 2056391335
4, 0, 2056426424
4, 0, 2056428001
0, 4, 2056477307
4, 0, 2056484544
0, 4, 2056502731
4, 0, 2056610820
4, 0, 2056626293
4, 0, 2056660317
4, 0, 2056681745
0, 4, 2056699405
0, 4, 2056748199
4, 0, 2056753493
4, 0, 2056790509
4, 0, 2056823033
4, 0, 2056896857
0, 4, 2056951929
4, 0, 2056953624
4, 0, 2057011796
4, 0, 2057041948
4, 0, 2057064406
4, 0, 2057099793
4, 0, 2057296801
4, 0, 2057402985
4, 0, 2057585479
4, 0, 2057674039
0, 4, 2057685035
4, 0, 2057708867
4, 0, 2057709063
4, 0, 2057710367
4, 0, 2057801749
0, 4, 2057818739
4, 0, 2057958274
4, 0, 2057992519
0, 4, 2057998219
4, 0, 2058010594
4, 0, 2058027787
4, 0, 2058045970
4, 0, 2058062239
4, 0, 2058111303
4, 0, 2058113264
4, 0, 2058146749
0, 4, 2058161693
4, 0, 2058177928
4, 0, 2058181085
0, 4, 2058210437
4, 0, 2058247713
4, 0, 2058263204
4, 0, 2058265373
4, 0, 2058380097
4, 0, 2058518347
4, 0, 2058552052
4, 0, 2058673557
4, 0, 2058726612
4, 0, 2058829297
4, 0, 2058860623
4, 0, 2058861576
4, 0, 2058861596
4, 0, 2058911622
4, 0, 2058929292
4, 0, 2058930753
4, 0, 2058962904
4, 0, 2059068356
4, 0, 2059083024
4, 0, 2059098738
4, 0, 2059116765
4, 0, 2059202007
4, 0, 2059232262
4, 0, 2059249876
4, 0, 2059382227
4, 0, 2059428675
0, 4, 2059435727
4, 0, 2059464634
4, 0, 2059498860
0, 4, 2059530050
4, 0, 2059613708
4, 0, 2059648459
4, 0, 2059696343
4, 0, 2059699785
0, 4, 2059745027
4, 0, 2059848431
4, 0, 2059881665
0, 4, 2059947755
4, 0, 2059962410
4, 0, 2059998972
4, 0, 2060000387
4, 0, 2060085655
4, 0, 2060099871
4, 0, 2060103375
0, 4, 2060135199
4, 0, 2060137856
4, 0, 2060187656
4, 0, 2060207145
0, 4, 2060234867
4, 0, 2060240889
4, 0, 2060244405
4, 0, 2060292990
4, 0, 2060293142
4, 0, 2060330217
4, 0, 2060344038
4, 0, 2060436786
4, 0, 2060508687
4, 0, 2060546487
4, 0, 2060596900
4, 0, 2060786815
4, 0, 2060890607
4, 0, 2060923067
4, 0, 2060924768
4, 0, 2061046866
4, 0, 2061048805
4, 0, 2061065201
4, 0, 2061132979
4, 0, 2061164776
4, 0, 2061198652
4, 0, 2061281346
0, 4, 2061301194
4, 0, 2061332414
4, 0, 2061348244
4, 0, 2061362441
4, 0, 2061365229
4, 0, 2061394917
4, 0, 2061394960
4, 0, 2061458016
4, 0, 2061473271
4, 0, 2061541501
0, 4, 2061553277
4, 0, 2061667449
0, 4, 2061826540
4, 0, 2061848594
4, 0, 2061904935
4, 0, 2061921588
4, 0, 2062025660
4, 0, 2062064990
4, 0, 2062078748
4, 0, 2062091357
0, 4, 2062130346
4, 0, 2062277398
4, 0, 2062290214
4, 0, 2062303571
4, 0, 2062303910
4, 0, 2062312513
4, 0, 2062315843
4, 0, 2062338177
4, 0, 2062361546
4, 0, 2062363245
4, 0, 2062363423
4, 0, 2062376407
4, 0, 2062399417
4, 0, 2062447973
4, 0, 2062448130
0, 4, 2062462844
4, 0, 2062471637
4, 0, 2062491161
4, 0, 2062501982
4, 0, 2062527771
4, 0, 2062580594
4, 0, 2062613667
0, 4, 2062618897
4, 0, 2062626062
4, 0, 2062648927
0, 4, 2062650412
4, 0, 2062656961
4, 0, 2062657613
4, 0, 2062658321
4, 0, 2062710646
4, 0, 2062712676
4, 0, 2062725172
4, 0, 2062733801
4, 0, 2062743443
4, 0, 2062765870
4, 0, 2062797552
4, 0, 2062893215
4, 0, 2062915421
4, 0, 2062924267
4, 0, 2062936342
4, 0, 2062955047
4, 0, 2062993720
4, 0, 2063022276
4, 0, 2063033821
4, 0, 2063041301
0, 4, 2063063044
4, 0, 2063069686
4, 0, 2063080732
4, 0, 2063100589
0, 4, 2063123233
4, 0, 2063144332
4, 0, 2063145622
4, 0, 2063279152
4, 0, 2063305112
4, 0, 2063324447
4, 0, 2063374569
4, 0, 2063375019
4, 0, 2063383383
4, 0, 2063413171
4, 0, 2063439627
4, 0, 2063472130
4, 0, 2063472644
4, 0, 2063489310
4, 0, 2063495580
4, 0, 2063504061
0, 4, 2063518053
4, 0, 2063556280
0, 4, 2063570108
4, 0, 2063572918
4, 0, 2063589457
4, 0, 2063643369
4, 0, 2063652830
4, 0, 2063667750
4, 0, 2063684549
0, 4, 2063704547
4, 0, 2063718381
4, 0, 2063803775
4, 0, 2063822521
4, 0, 2063838572
4, 0, 2063839652
4, 0, 2063854946
4, 0, 2063857603
4, 0, 2063873722
4, 0, 2063899925
4, 0, 2063954406
4, 0, 2063999872
4, 0, 2064056843
4, 0, 2064157580
4, 0, 2064168025
0, 4, 2064182414
4, 0, 2064209906
4, 0, 2064229911
4, 0, 2064282963
4, 0, 2064293547
0, 4, 2064312904
4, 0, 2064316692
4, 0, 2064327613
4, 0, 2064359618
4, 0, 2064373089
4, 0, 2064396358
4, 0, 2064435359
4, 0, 2064445962
4, 0, 2064458132
4, 0, 2064471704
4, 0, 2064495483
0, 4, 2064575078
4, 0, 2064581221
4, 0, 2064594138
4, 0, 2064646285
4, 0, 2064647108
4, 0, 2064711519
4, 0, 2064712152
4, 0, 2064712916
4, 0, 2064742059
4, 0, 2064742609
4, 0, 2064769829
4, 0, 2064782348
4, 0, 2064782722
4, 0, 2064866860
4, 0, 2064896422
4, 0, 2064925896
4, 0, 2064926375
4, 0, 2064939807
4, 0, 2064941735
4, 0, 2065026873
0, 4, 2065040075
4, 0, 2065056427
4, 0, 2065057641
4, 0, 2065071106
4, 0, 2065074618
4, 0, 2065103968
4, 0, 2065164492
0, 4, 2065175912
4, 0, 2065200014
4, 0, 2065281189
0, 4, 2065346963
4, 0, 2065365119
4, 0, 2065477057
4, 0, 2065478647
4, 0, 2065508449
4, 0, 2065576808
4, 0, 2065609481
4, 0, 2065625176
4, 0, 2065697920
4, 0, 2065820335
0, 4, 2065917031
4, 0, 2065940314
4, 0, 2065958726
4, 0, 2066011357
4, 0, 2066029270
4, 0, 2066046726
0, 4, 2066115403
0, 4, 2066148319
4, 0, 2066156041
4, 0, 2066211597
0, 4, 2066260331
4, 0, 2066286615
4, 0, 2066358711
4, 0, 2066410736
4, 0, 2066463494
0, 4, 2066481681
4, 0, 2066644913
4, 0, 2066736302
4, 0, 2066809399
4, 0, 2066865271
4, 0, 2066884555
4, 0, 2066902022
4, 0, 2066921376
0, 4, 2066940996
0, 4, 2066991676
4, 0, 2067049834
4, 0, 2067051141
4, 0, 2067108284
4, 0, 2067144644
4, 0, 2067276560
4, 0, 2067315849
4, 0, 2067434489
0, 4, 2067445015
4, 0, 2067453180
4, 0, 2067470521
4, 0, 2067470870
4, 0, 2067530637
4, 0, 2067549669
4, 0, 2067586792
4, 0, 2067741466
4, 0, 2067799777
4, 0, 2067799813
4, 0, 2067820275
0, 4, 2067873916
0, 4, 2067911014
4, 0, 2067939553
4, 0, 2067962862
4, 0, 2067999430
4, 0, 2068038111
0, 4, 2068047152
4, 0, 2068115632
4, 0, 2068117437
4, 0, 2068118038
4, 0, 2068254886
4, 0, 2068258475
4, 0, 2068274687
4, 0, 2068275388
4, 0, 2068458369
4, 0, 2068498188
4, 0, 2068651185
4, 0, 2068725833
4, 0, 2068817613
4, 0, 2068855971
4, 0, 2068889317
4, 0, 2068890921
4, 0, 2068891433
4, 0, 2068965661
4, 0, 2069027123
0, 4, 2069097190
4, 0, 2069155512
4, 0, 2069175213
4, 0, 2069228355
4, 0, 2069267214
4, 0, 2069322256
4, 0, 2069362236
4, 0, 2069363159
4, 0, 2069471178
4, 0, 2069472657
0, 4, 2069520832
4, 0, 2069604944
4, 0, 2069637857
4, 0, 2069657032
0, 4, 2069691691
0, 4, 2069714220
0, 4, 2069781685
4, 0, 2069789663
4, 0, 2069791511
0, 4, 2069893935
4, 0, 2070031528
4, 0, 2070089307
4, 0, 2070151359
4, 0, 2070152475
0, 4, 2070183042
4, 0, 2070208703
4, 0, 2070208887
4, 0, 2070346506
4, 0, 2070346712
0, 4, 2070387156
0, 4, 2070405984
4, 0, 2070408517
4, 0, 2070428023
4, 0, 2070659906
4, 0, 2070703175
4, 0, 2070703841
4, 0, 2070727729
4, 0, 2070769227
4, 0, 2070786766
0, 4, 2070982324
4, 0, 2071030719
0, 4, 2071089740
4, 0, 2071222739
4, 0, 2071241640
4, 0, 2071244554
4, 0, 2071303760
0, 4, 2071451838
0, 4, 2071470642
4, 0, 2071476597
4, 0, 2071480203
4, 0, 2071497176
4, 0, 2071729124
4, 0, 2071729576
0, 4, 2071745281
4, 0, 2071795540
4, 0, 2071847294
4, 0, 2071869155
0, 4, 2071869206
4, 0, 2071887705
4, 0, 2071890484
4, 0, 2071915457
4, 0, 2071967305
4, 0, 2071989593
0, 4, 2072040261
4, 0, 2072052753
4, 0, 2072111426
4, 0, 2072167754
4, 0, 2072188554
4, 0, 2072190105
4, 0, 2072190320
0, 4, 2072213230
4, 0, 2072225907
4, 0, 2072280721
4, 0, 2072282027
4, 0, 2072514150
4, 0, 2072530627
4, 0, 2169458775
4, 0, 2169480658
4, 0, 2174363479
0, 4, 2174502244
4, 0, 2174503844
4, 0, 2174504714
4, 0, 2174519343
4, 0, 2174565705
4, 0, 2174566568
4, 0, 2174644023
4, 0, 2174644519
0, 4, 2174648427
4, 0, 2174660802
4, 0, 2174661601
4, 0, 2174720611
0, 4, 2174728297
4, 0, 2174766697
0, 4, 2174809480
4, 0, 2174822576
4, 0, 2174922351
4, 0, 2175040513
4, 0, 2175107055
4, 0, 2175109754
4, 0, 2175118901
4, 0, 2175119599
4, 0, 2175134218
4, 0, 2175159397
4, 0, 2175212665
4, 0, 2175234612
4, 0, 2175276118
0, 4, 2175285445
4, 0, 2175300940
4, 0, 2175325792
0, 4, 2175354464
4, 0, 2175399134
4, 0, 2175407198
4, 0, 2175419894
0, 4, 2175428540
0, 4, 2175447381
4, 0, 2175574869
4, 0, 2175587142
4, 0, 2175590177
0, 4, 2175595552
4, 0, 2175613048
4, 0, 2175622616
4, 0, 2175634460
4, 0, 2175636180
0, 4, 2175702085
4, 0, 2175780490
4, 0, 2175781178
4, 0, 2175838811
4, 0, 2175843088
0, 4, 2175847582
4, 0, 2175872948
4, 0, 2175873308
4, 0, 2175923696
4, 0, 2175988300
0, 4, 2176019235
0, 4, 2176031149
4, 0, 2176056617
4, 0, 2176090590
4, 0, 2176113214
4, 0, 2176159328
4, 0, 2176161024
4, 0, 2176162486
0, 4, 2176171859
4, 0, 2176265792
4, 0, 2176277100
4, 0, 2176278901
4, 0, 2176311379
0, 4, 2176319524
4, 0, 2176339281
4, 0, 2176359352
4, 0, 2176361006
4, 0, 2176444679
4, 0, 2176448403
4, 0, 2176495897
4, 0, 2176524133
4, 0, 2176526413
0, 4, 2176538292
4, 0, 2176539458
4, 0, 2176565100
4, 0, 2176601254
0, 4, 2176647991
0, 4, 2176689182
4, 0, 2176727195
4, 0, 2176766049
0, 4, 2176767468
4, 0, 2176837703
4, 0, 2176838725
0, 4, 2176849027
4, 0, 2176895291
0, 4, 2176971160
0, 4, 2177044060
4, 0, 2177067197
4, 0, 2177082624
4, 0, 2177164459
0, 4, 2177257206
4, 0, 2177406043
4, 0, 2177406136
4, 0, 2177409655
4, 0, 2177428713
4, 0, 2177484548
4, 0, 2177561747
4, 0, 2177682346
0, 4, 2177702172
4, 0, 2177738890
0, 4, 2177750813
4, 0, 2177803159
4, 0, 2177881704
4, 0, 2177987567
4, 0, 2178009403
4, 0, 2178011071
4, 0, 2178078641
0, 4, 2178080819
4, 0, 2178099675
4, 0, 2178122491
4, 0, 2178189453
4, 0, 2178210195
4, 0, 2178232307
4, 0, 2178342977
4, 0, 2178367144
4, 0, 2178369388
4, 0, 2178597165
0, 4, 2178613651
0, 4, 2178694720
4, 0, 2178740924
4, 0, 2178788980
0, 4, 2178801392
4, 0, 2178839426
0, 4, 2178854424
4, 0, 2178933785
4, 0, 2178933802
4, 0, 2178934131
4, 0, 2178958163
4, 0, 2179031720
4, 0, 2179106603
4, 0, 2179106755
4, 0, 2179255917
4, 0, 2179377796
4, 0, 2179514643
4, 0, 2179554578
4, 0, 2179605004
4, 0, 2179629746
4, 0, 2179726199
4, 0, 2179777403
4, 0, 2179799222
4, 0, 2180204266
4, 0, 2180304073
4, 0, 2180325900
4, 0, 2180548126
4, 0, 2180573618
4, 0, 2180749805
4, 0, 2180750301
4, 0, 2180929338
4, 0, 2180929918
0, 4, 2180952604
4, 0, 2180956114
4, 0, 2181003675
4, 0, 2181004906
4, 0, 2181101126
0, 4, 2181117906
4, 0, 2181153111
0, 4, 2181189423
0, 4, 2181369491
0, 4, 2181394600
4, 0, 2181423595
4, 0, 2181703292
4, 0, 2181847790
0, 4, 2182037080
4, 0, 2182050951
4, 0, 2182197760
4, 0, 2182405376
4, 0, 2182498321
4, 0, 2182552747
4, 0, 2182553307
4, 0, 2182654453
4, 0, 2182682166
4, 0, 2182682398
0, 4, 2182755682
0, 4, 2182783425
0, 4, 2182826665
0, 4, 2182877447
0, 4, 2182903039
4, 0, 2183022073
4, 0, 2183123669
4, 0, 2183548578
4, 0, 2183598376
4, 0, 2183720602
0, 4, 2183888298
4, 0, 2184043052
4, 0, 2184181848
4, 0, 2184227532
4, 0, 2184276931
4, 0, 2184277779
4, 0, 2184298618
0, 4, 2184423890
4, 0, 2184530537
0, 4, 2184619227
4, 0, 2184740687
4, 0, 2184741280
4, 0, 2184761765
0, 4, 2184777853
4, 0, 2184852607
0, 4, 2184862850
4, 0, 2184946842
4, 0, 2185013701
4, 0, 2185034700
0, 4, 2185087251
4, 0, 2185144502
4, 0, 2185145207
4, 0, 2185263899
4, 0, 2185283332
4, 0, 2185286666
4, 0, 2185379003
4, 0, 2185421872
4, 0, 2185442798
4, 0, 2185486603
4, 0, 2185487113
4, 0, 2185487894
4, 0, 2185489555
4, 0, 2185600418
4, 0, 2185600725
4, 0, 2185647215
4, 0, 2185688837
4, 0, 2185733209
4, 0, 2185873640
0, 4, 2185893285
4, 0, 2186083264
4, 0, 2186105344
4, 0, 2186315852
0, 4, 2186326400
4, 0, 2186362818
0, 4, 2186365092
4, 0, 2186502454
0, 4, 2186524006
0, 4, 2186588838
4, 0, 2186626303
4, 0, 2186648097
4, 0, 2186675200
4, 0, 2186788456
4, 0, 2186814910
4, 0, 2186835783
4, 0, 2186861371
4, 0, 2187136336
0, 4, 2187202540
4, 0, 2187367873
0, 4, 2187430778
4, 0, 2187504348
0, 4, 2187565713
4, 0, 2187620125
4, 0, 2187665340
4, 0, 2187751249
4, 0, 2187775110
4, 0, 2187819408
4, 0, 2187837589
4, 0, 2187839029
0, 4, 2187856818
4, 0, 2187859491
4, 0, 2187880655
4, 0, 2187969214
4, 0, 2188228092
4, 0, 2188231338
4, 0, 2188246288
0, 4, 2188285100
4, 0, 2188341779
4, 0, 2188416783
4, 0, 2188448988
4, 0, 2188451611
4, 0, 2188527416
0, 4, 2188582926
4, 0, 2188598328
4, 0, 2188614048
4, 0, 2188633031
4, 0, 2188664802
4, 0, 2188719270
4, 0, 2188721684
4, 0, 2188751676
4, 0, 2188787319
4, 0, 2188820943
4, 0, 2188849060
4, 0, 2188927461
4, 0, 2188957214
4, 0, 2188973473
4, 0, 2188988696
0, 4, 2189002563
4, 0, 2189038631
4, 0, 2189065358
4, 0, 2189097652
4, 0, 2189110215
4, 0, 2189126303
4, 0, 2189142059
4, 0, 2189151970
4, 0, 2189212385
4, 0, 2189227125
4, 0, 2189252616
4, 0, 2189296222
0, 4, 2189302981
4, 0, 2189319949
4, 0, 2189369735
4, 0, 2189381504
4, 0, 2189397908
4, 0, 2189539236
4, 0, 2189593355
4, 0, 2189605228
4, 0, 2189607529
4, 0, 2189629115
4, 0, 2189630842
4, 0, 2189694955
0, 4, 2189704535
4, 0, 2189784403
4, 0, 2189864901
4, 0, 2189886186
4, 0, 2189899888
4, 0, 2189927096
4, 0, 2189949641
4, 0, 2189959885
4, 0, 2189998071
4, 0, 2190011510
4, 0, 2190046061
4, 0, 2190055557
0, 4, 2190089192
4, 0, 2190092725
4, 0, 2190138194
4, 0, 2190173551
4, 0, 2190197218
4, 0, 2190223786
4, 0, 2190256756
4, 0, 2190295432
4, 0, 2190362980
4, 0, 2190364340
4, 0, 2190385916
4, 0, 2190388246
0, 4, 2190398568
4, 0, 2190457985
4, 0, 2190562754
4, 0, 2190563824
4, 0, 2190596519
4, 0, 2190643944
0, 4, 2190671657
4, 0, 2190750689
4, 0, 2190762722
4, 0, 2190775657
4, 0, 2190784910
4, 0, 2190786091
4, 0, 2190822216
4, 0, 2190832566
4, 0, 2190835066
4, 0, 2190884885
4, 0, 2190925808
4, 0, 2190993571
4, 0, 2191003412
4, 0, 2191030535
4, 0, 2191035313
4, 0, 2191133339
4, 0, 2191147540
4, 0, 2191147936
4, 0, 2191149566
4, 0, 2191204299
4, 0, 2191235541
4, 0, 2191235729
4, 0, 2191292994
0, 4, 2191296430
4, 0, 2191353581
4, 0, 2191404569
4, 0, 2191405616
4, 0, 2191433897
0, 4, 2191481232
4, 0, 2191483237
4, 0, 2191529282
4, 0, 2191529785
4, 0, 2191530673
4, 0, 2191665100
4, 0, 2191734280
0, 4, 2191765915
4, 0, 2191805187
4, 0, 2191843449
4, 0, 2191866140
4, 0, 2191885257
4, 0, 2191885449
4, 0, 2191983084
4, 0, 2192038700
4, 0, 2192082384
4, 0, 2192082966
4, 0, 2192124502
0, 4, 2192226516
0, 4, 2192287738
4, 0, 2192313858
4, 0, 2192536354
4, 0, 2192562001
4, 0, 2192605352
4, 0, 2192768638
4, 0, 2192935911
4, 0, 2193029793
4, 0, 2193031733
4, 0, 2193153389
4, 0, 2193153452
4, 0, 2193155115
4, 0, 2193188315
4, 0, 2193189366
4, 0, 2193304384
4, 0, 2193344579
4, 0, 2193372699
4, 0, 2193426454
4, 0, 2193453250
0, 4, 2194073328
0, 4, 2194155386
0, 4, 2194282806
0, 4, 2195717122
0, 4, 2195924602
0, 4, 2196048994
0, 4, 2196151381
0, 4, 2197363974
0, 4, 2198099371
0, 4, 2198937250
0, 4, 2199031203
0, 4, 2199152991
0, 4, 2199244712
0, 4, 2199456316
0, 4, 2199471542
0, 4, 2199717230
0, 4, 2200088518
0, 4, 2200591501
0, 4, 2201302800
0, 4, 2201749216
0, 4, 2202290542
0, 4, 2202319711
0, 4, 2202638608
0, 4, 2202664437
0, 4, 2202694750
0, 4, 2202857966
0, 4, 2202975917
0, 4, 2203090688
0, 4, 2203226114
0, 4, 2203253480
0, 4, 2203438167
0, 4, 2203664869
0, 4, 2203715835
0, 4, 2203771666
0, 4, 2203840337
0, 4, 2203886699
0, 4, 2204432748
0, 4, 2204637855
0, 4, 2204778709
0, 4, 2205000299
0, 4, 2205130273
0, 4, 2205132108
0, 4, 2205171816
0, 4, 2205262027
0, 4, 2205576281
0, 4, 2205747036
0, 4, 2206087041
0, 4, 2206744930
0, 4, 2206911293
0, 4, 2206989305
0, 4, 2207137345
0, 4, 2207216431
0, 4, 2207522596
0, 4, 2207573643
0, 4, 2208963498
0, 4, 2209719991
0, 4, 2210532602
0, 4, 2210537675
0, 4, 2210612389
0, 4, 2210795943
0, 4, 2211285481
0, 4, 2213037521
0, 4, 2213067147
0, 4, 2213257329
0, 4, 2213484945
0, 4, 2214532773
0, 4, 2214920506
0, 4, 2215070867
0, 4, 2215222137
0, 4, 2215299856
0, 4, 2216762051
0, 4, 2217030191
0, 4, 2217050969
0, 4, 2217548093
0, 4, 2217729030
0, 4, 2217992725
0, 4, 2218666967
0, 4, 2218674847
0, 4, 2218774495
0, 4, 2219283050
0, 4, 2219412081
0, 4, 2221074235
0, 4, 2221344181
0, 4, 2221401435
0, 4, 2221748962
0, 4, 2222282541
0, 4, 2222302314
0, 4, 2222323230
0, 4, 2222998822
0, 4, 2223705432
0, 4, 2224159788
0, 4, 2224567632
0, 4, 2224975367
0, 4, 2224977656
0, 4, 2225050571
0, 4, 2225282754
0, 4, 2225503118
0, 4, 2225719175
0, 4, 2225758631
0, 4, 2225805938
0, 4, 2225934702
0, 4, 2226215344
0, 4, 2226456525
0, 4, 2226512755
0, 4, 2226826327
0, 4, 2227182970
0, 4, 2227893229
0, 4, 2228076858
0, 4, 2228115989
0, 4, 2228212831
0, 4, 2228807283
0, 4, 2228834851
0, 4, 2229276156
0, 4, 2229429439
0, 4, 2229679096
0, 4, 2229835356
0, 4, 2230091004
0, 4, 2230591381
0, 4, 2230825084
0, 4, 2231495939
0, 4, 2231577178
0, 4, 2231822283
0, 4, 2232218744
0, 4, 2232518542
0, 4, 2232828061
0, 4, 2232873524
0, 4, 2234218569
0, 4, 2234617941
0, 4, 2235034671
0, 4, 2235136977
0, 4, 2235214993
0, 4, 2235443246
0, 4, 2236117841
0, 4, 2236125408
0, 4, 2236416848
0, 4, 2236494295
0, 4, 2236675184
0, 4, 2236686232
0, 4, 2237044497
0, 4, 2237294763
0, 4, 2237351262
0, 4, 2237529019
0, 4, 2237701032
0, 4, 2237917924
0, 4, 2238009248
0, 4, 2238015479
0, 4, 2238400338
0, 4, 2238429404
0, 4, 2238758172
0, 4, 2238917594
0, 4, 2239703480
0, 4, 2240630995
0, 4, 2241032619
0, 4, 2241034591
0, 4, 2241035564
0, 4, 2241451480
0, 4, 2241540513
0, 4, 2242703083
0, 4, 2242745710
0, 4, 2243143982
0, 4, 2243760658
0, 4, 2244348097
0, 4, 2244975634
0, 4, 2245178573
0, 4, 2245194939
0, 4, 2245370823
0, 4, 2245483446
0, 4, 2245768020
0, 4, 2245909947
0, 4, 2246116065
0, 4, 2246676433
0, 4, 2247364141
0, 4, 2247445403
0, 4, 2247904905
0, 4, 2248551834
0, 4, 2248641047
0, 4, 2248777170
0, 4, 2249705150
0, 4, 2250025486
0, 4, 2250659971
0, 4, 2250701325
0, 4, 2250813468
0, 4, 2251131530
0, 4, 2251176695
0, 4, 2251369112
0, 4, 2252193426
0, 4, 2252212746
0, 4, 2252446670
0, 4, 2253440543
0, 4, 2253612218
0, 4, 2253866697
0, 4, 2254160836
0, 4, 2254191261
0, 4, 2254819574
0, 4, 2255162206
0, 4, 2255165548
0, 4, 2255261092
0, 4, 2255809977
0, 4, 2255992231
0, 4, 2256708727
0, 4, 2257633883
0, 4, 2257715156
0, 4, 2257742363
0, 4, 2257994682
0, 4, 2258185077
0, 4, 2258584674
0, 4, 2258604582
0, 4, 2258622072
0, 4, 2258970366
0, 4, 2259289000
0, 4, 2259432737
0, 4, 2259567793
0, 4, 2259576394
0, 4, 2260579525
0, 4, 2261584960
0, 4, 2261636782
0, 4, 2261700276
0, 4, 2262400586
0, 4, 2262872873
0, 4, 2262952206
0, 4, 2262985235
0, 4, 2263353407
0, 4, 2263487246
0, 4, 2264458944
0, 4, 2264520267
0, 4, 2265414609
0, 4, 2265970840
0, 4, 2266118560
0, 4, 2266226080
0, 4, 2266396988
0, 4, 2266438643
0, 4, 2266689484
0, 4, 2266886369
0, 4, 2266998369
0, 4, 2267073422
0, 4, 2267195703
0, 4, 2282338183
0, 4, 2284957192
0, 4, 2286574186
0, 4, 2288065307
0, 4, 2288065543
0, 4, 2288110076
0, 4, 2288117080
0, 4, 2288194480
0, 4, 2288214792
0, 4, 2288288873
0, 4, 2288473366
0, 4, 2288492366
0, 4, 2288758190
0, 4, 2289640233
0, 4, 2295404986
0, 4, 2295651861
0, 4, 2295786060
0, 4, 2295815562
0, 4, 2296733027
0, 4, 2296997363
0, 4, 2297795163
0, 4, 2298045491
0, 4, 2298439102
0, 4, 2298574717
0, 4, 2298670709
0, 4, 2299230631
0, 4, 2299585957
0, 4, 2299667383
0, 4, 2300539637
0, 4, 2300593295
0, 4, 2300744163
0, 4, 2306279843
0, 4, 2321411312
0, 4, 2321780048
0, 4, 2322446077
0, 4, 2322717126
0, 4, 2322753794
0, 4, 2323029499
0, 4, 2323712175
0, 4, 2323728353
0, 4, 2324204509
0, 4, 2324467224
0, 4, 2324491801
0, 4, 2324635889
0, 4, 2324794742
0, 4, 2324962569
0, 4, 2325554288
0, 4, 2325910133
0, 4, 2326044507
0, 4, 2326206444
0, 4, 2326560021
0, 4, 2326572993
0, 4, 2327295672
0, 4, 2327529437
0, 4, 2328180996
0, 4, 2328238854
0, 4, 2328464256
